2300 9452
0 1
0 2
0 3
0 9
0 22
0 81
0 135
0 150
0 155
0 157
0 184
0 188
0 201
0 202
0 207
0 235
0 240
0 257
0 271
0 292
0 294
0 309
0 325
0 328
0 335
0 339
0 340
0 367
0 381
0 394
0 401
0 402
0 415
0 424
0 427
0 445
0 446
0 452
0 473
0 499
0 612
0 663
0 664
0 741
0 847
0 1330
0 1392
0 1410
0 1422
0 1464
0 1510
0 1793
0 1805
0 1820
0 1842
0 1861
0 1994
0 2150
0 2166
0 2250
0 2293
1 0
1 2
1 7
1 9
1 10
1 117
1 153
1 181
1 253
1 271
1 281
1 287
1 292
1 294
1 340
1 362
1 378
1 383
1 399
1 401
1 473
1 480
1 541
1 755
1 785
1 1213
1 1330
1 1464
1 1994
1 2109
1 2150
1 2295
2 0
2 1
2 4
2 6
2 8
2 33
2 45
2 49
2 63
2 106
2 117
2 153
2 207
2 208
2 230
2 249
2 253
2 255
2 279
2 292
2 294
2 303
2 309
2 335
2 339
2 340
2 342
2 353
2 378
2 448
2 450
2 452
2 505
2 531
2 532
2 579
2 662
2 732
2 742
2 754
2 755
2 822
2 847
2 954
2 1089
2 1416
2 1460
2 1687
2 1966
2 1982
2 1994
2 2072
3 0
3 7
3 9
3 11
3 16
3 20
3 22
3 52
3 54
3 56
3 81
3 96
3 155
3 201
3 257
3 367
3 369
3 394
3 399
3 424
3 473
3 785
3 887
3 955
3 1100
3 1324
3 1563
3 1985
3 2150
3 2158
4 2
4 5
4 6
4 12
4 15
4 26
4 30
4 45
4 78
4 85
4 105
4 130
4 219
4 249
4 253
4 279
4 294
4 309
4 383
4 472
4 505
4 517
4 531
4 754
4 1015
4 1089
4 1433
4 1700
4 2072
5 4
5 6
5 17
5 30
5 41
5 42
5 43
5 45
5 61
5 164
5 169
5 196
5 218
5 219
5 269
5 279
5 492
5 512
5 517
5 542
5 1013
5 1560
5 2072
5 2146
6 2
6 4
6 5
6 13
6 16
6 21
6 37
6 50
6 61
6 75
6 89
6 133
6 141
6 196
6 219
6 253
6 255
6 279
6 353
6 391
6 395
6 403
6 413
6 517
6 533
6 535
6 662
6 704
6 898
6 1013
6 1560
7 1
7 3
7 16
7 18
7 20
7 39
7 52
7 66
7 154
7 352
7 394
7 399
7 412
7 572
7 761
7 767
7 785
7 932
7 1008
7 1121
7 1170
7 1341
7 1573
7 1765
7 1805
7 2150
8 2
8 11
8 17
8 20
8 23
8 24
8 41
8 117
8 127
8 144
8 153
8 222
8 249
8 274
8 294
8 345
8 378
8 452
8 732
8 822
8 847
8 936
8 1416
8 1451
8 1792
8 1873
8 2053
8 2158
8 2246
9 0
9 1
9 3
9 10
9 22
9 50
9 56
9 67
9 101
9 173
9 197
9 247
9 340
9 446
9 473
9 499
9 541
9 554
9 781
9 790
9 1036
9 1147
9 1172
9 1270
9 1330
9 1521
9 2109
9 2150
10 1
10 9
10 24
10 35
10 146
10 181
10 223
10 281
10 452
10 790
10 800
10 806
10 936
10 972
10 1096
10 1118
10 1147
10 1172
10 1213
10 1228
10 1475
10 1680
11 3
11 8
11 13
11 23
11 58
11 59
11 72
11 104
11 133
11 140
11 258
11 290
11 409
11 507
11 547
11 732
11 752
11 887
11 1552
11 2018
12 4
12 15
12 25
12 26
12 28
12 32
12 36
12 43
12 57
12 64
12 69
12 73
12 78
12 86
12 105
12 147
12 196
12 228
12 253
12 260
12 309
12 346
12 368
12 376
12 472
12 505
12 511
12 527
12 595
12 596
12 671
12 672
12 676
12 691
12 703
12 724
12 774
12 1032
12 1144
12 1184
12 1254
12 1323
12 1686
12 1767
12 1872
12 1940
12 2297
13 6
13 11
13 16
13 23
13 80
13 81
13 133
13 229
13 290
13 345
14 53
14 102
14 434
14 704
14 769
15 4
15 12
15 26
15 64
15 100
15 147
15 196
15 493
15 511
15 527
15 544
15 708
15 1069
15 1683
15 1767
16 3
16 6
16 7
16 13
16 18
16 20
16 48
16 79
16 81
16 83
16 93
16 149
16 179
16 187
16 219
16 255
16 297
16 311
16 352
16 424
16 468
16 609
16 739
16 1205
16 1324
16 1433
16 1453
16 1573
16 1598
16 1638
17 5
17 8
17 33
17 269
17 339
17 611
17 2173
18 7
18 16
18 323
18 352
18 1205
19 31
19 34
19 83
19 87
19 125
19 389
19 640
19 720
19 883
19 963
19 1132
19 1136
19 1605
19 2037
19 2154
20 3
20 7
20 8
20 16
20 28
20 37
20 42
20 82
20 138
20 255
20 273
20 299
20 373
20 452
20 481
20 594
20 606
20 622
20 662
20 887
20 1085
20 1170
20 1377
20 1595
20 1657
20 1771
20 1873
20 1903
20 2022
21 6
21 50
21 85
21 219
21 279
21 762
21 786
21 975
21 1163
21 2209
22 0
22 3
22 9
22 131
22 156
22 247
22 257
22 269
22 379
22 427
22 452
22 499
22 807
22 1299
22 1626
22 1669
22 1848
22 2150
23 8
23 11
23 13
23 72
23 232
23 345
23 485
23 620
23 732
23 2132
23 2158
24 8
24 10
24 25
24 41
24 57
24 64
24 87
24 127
24 198
24 199
24 222
24 242
24 294
24 452
24 654
24 800
24 832
24 847
24 882
24 936
24 1276
24 1469
24 1473
24 1632
24 2063
25 12
25 24
25 26
25 64
25 87
25 108
25 196
25 346
25 952
25 1276
25 1280
26 4
26 12
26 15
26 25
26 27
26 29
26 46
26 58
26 185
26 260
26 353
26 505
26 511
26 517
26 647
26 1224
26 1670
26 1862
26 1872
27 26
27 29
27 38
27 451
27 524
27 526
27 765
27 2136
27 2198
28 12
28 20
28 55
28 86
28 182
28 397
28 1476
28 1582
29 26
29 27
29 91
29 1845
30 4
30 5
30 76
30 85
30 164
30 176
30 293
30 350
30 754
30 1005
30 1405
31 19
31 34
31 48
31 83
31 158
31 187
31 379
31 389
31 428
31 720
31 758
31 963
31 1070
31 1444
31 1605
31 2154
32 12
32 40
32 62
32 78
32 126
32 148
32 513
32 1202
32 1297
32 2297
33 2
33 17
33 92
33 110
33 339
33 566
33 940
33 994
33 1108
33 1263
33 1315
33 1391
33 1817
34 19
34 31
34 47
34 128
34 389
34 758
34 1070
35 10
35 71
35 74
35 211
35 428
35 649
35 792
35 863
35 972
35 1086
35 1118
35 1680
35 2208
36 12
36 39
36 79
36 105
36 122
36 192
36 262
36 267
36 309
36 368
36 392
36 412
36 440
36 563
36 703
36 789
36 996
36 1073
36 1080
36 1238
36 1305
36 1821
36 1870
36 2259
37 6
37 20
37 60
37 118
37 138
37 170
37 217
37 219
37 220
37 227
37 333
37 582
37 594
37 662
37 1053
37 1664
37 1903
38 27
38 49
38 92
38 107
38 215
38 417
38 451
38 526
38 999
38 1495
38 2198
38 2229
39 7
39 36
39 70
39 154
39 168
39 209
39 228
39 412
39 423
39 751
39 949
39 1008
39 1154
39 1184
39 1236
39 1377
39 1431
39 1618
39 1765
40 32
40 52
40 56
40 62
40 78
40 116
40 369
40 388
40 393
40 408
40 414
40 960
40 1297
40 1729
40 2019
41 5
41 8
41 24
41 180
41 199
41 318
41 483
41 789
41 800
41 832
41 1792
42 5
42 20
42 62
42 78
42 84
42 166
42 218
42 804
42 900
42 962
42 1042
42 1055
42 1085
42 1559
42 2146
43 5
43 12
43 61
43 147
43 218
43 539
43 641
43 708
43 1050
43 1507
44 47
44 61
44 84
44 264
44 278
44 289
44 448
44 917
44 2237
45 2
45 4
45 5
45 60
45 65
45 88
45 340
45 354
45 430
45 506
45 527
45 630
45 768
45 847
45 900
45 954
45 1219
45 1263
45 1361
46 26
46 58
46 139
46 140
46 335
46 353
46 457
46 898
46 1575
46 1807
47 34
47 44
47 84
47 389
47 498
47 723
48 16
48 31
48 83
48 179
48 187
48 314
48 510
48 906
48 1573
48 1598
48 1968
49 2
49 38
49 94
49 239
49 526
50 6
50 9
50 21
50 51
50 68
50 82
50 86
50 124
50 139
50 219
50 279
50 335
50 391
50 533
50 594
50 817
50 1651
50 1873
50 2109
50 2120
51 50
51 55
51 82
51 170
51 533
51 590
51 594
51 604
51 713
51 1287
51 1651
51 1862
51 1873
51 2092
52 3
52 7
52 40
52 163
52 369
52 737
52 1065
52 1100
52 1630
52 2260
53 14
53 89
53 91
53 102
53 160
53 618
53 704
53 769
53 835
54 3
54 96
54 164
54 350
54 417
54 418
54 653
54 1329
54 1982
55 28
55 51
55 244
55 336
55 371
55 594
55 636
55 1383
55 1483
56 3
56 9
56 40
56 78
56 111
56 200
56 298
56 445
56 554
56 745
56 835
56 1545
56 2166
57 12
57 24
57 127
57 253
57 1470
58 11
58 26
58 46
58 59
58 103
58 114
58 140
58 247
58 249
58 518
58 530
58 547
58 647
58 1396
58 1999
58 2223
59 11
59 58
59 117
59 158
59 210
59 247
59 249
59 547
60 37
60 45
60 65
60 110
60 121
60 217
60 263
60 642
60 1023
60 1263
60 1450
60 2231
60 2290
61 5
61 6
61 43
61 44
61 84
61 507
61 517
61 873
61 1369
61 1650
62 32
62 40
62 42
62 78
62 148
62 185
62 212
62 229
62 831
63 2
63 113
63 116
63 144
63 153
63 303
63 322
63 341
63 363
63 465
63 575
63 611
63 694
63 755
63 836
63 1756
63 1966
64 12
64 15
64 24
64 25
64 186
64 196
64 199
64 239
64 276
64 294
64 306
64 748
64 902
64 952
64 1334
65 45
65 60
65 1066
65 1263
66 7
66 68
66 71
66 442
66 761
66 1100
66 1121
66 1341
67 9
67 101
67 103
67 191
67 197
67 224
67 334
67 340
67 343
67 446
67 541
67 554
67 745
67 834
67 1036
67 1173
67 1270
67 1372
67 1532
67 1726
67 1879
67 2087
67 2150
67 2192
68 50
68 66
68 69
68 115
68 205
68 257
68 279
68 324
68 546
68 616
68 1121
68 1645
68 1834
68 2150
69 12
69 68
69 115
69 304
69 1790
69 1834
70 39
70 423
70 485
71 35
71 66
71 132
71 167
71 211
71 276
71 277
71 312
71 499
71 579
71 770
71 1033
71 1299
71 1875
72 11
72 23
72 95
72 96
72 232
72 460
72 827
72 970
73 12
73 76
73 115
73 204
73 255
73 431
73 440
73 1917
74 35
74 102
74 174
74 211
74 214
74 300
74 433
74 591
74 649
74 704
74 769
74 792
75 6
75 219
75 738
75 971
75 1013
75 1646
76 30
76 73
76 151
76 361
76 496
76 1190
76 1266
76 1367
76 1422
76 1749
77 141
77 161
77 172
77 188
77 248
77 555
77 614
77 796
77 1148
77 1375
77 1448
77 1560
77 2073
77 2293
78 4
78 12
78 32
78 40
78 42
78 56
78 62
78 111
78 127
78 369
78 628
78 775
78 1779
78 1954
79 16
79 36
79 105
79 297
79 550
79 996
79 1080
79 1437
79 1573
79 1624
80 13
80 97
80 129
80 195
80 290
80 295
80 808
80 1041
80 1142
80 1175
80 1959
81 0
81 3
81 13
81 16
81 889
81 1694
81 2003
82 20
82 50
82 51
82 373
82 811
82 1243
82 1379
82 1873
82 2124
82 2264
83 16
83 19
83 31
83 48
83 87
83 109
83 158
83 179
83 297
83 510
83 906
83 1003
83 1010
83 1573
83 1968
84 42
84 44
84 47
84 61
84 100
84 147
84 328
84 804
84 1217
84 1397
84 1761
85 4
85 21
85 30
85 398
85 425
85 458
85 476
85 754
85 786
85 1585
85 1678
85 1971
86 12
86 28
86 50
86 104
86 389
86 391
86 675
86 736
87 19
87 24
87 25
87 83
87 128
87 242
87 540
87 1132
87 1157
87 1286
87 2037
88 45
88 847
88 986
88 1219
89 6
89 53
89 91
89 102
89 353
89 704
89 769
89 1181
89 1845
89 1881
90 246
90 610
90 1302
90 1339
90 1467
90 1830
91 29
91 53
91 89
91 386
91 432
91 1090
91 1480
91 1717
91 1845
92 33
92 38
92 123
92 324
92 436
92 817
92 994
92 1031
92 1108
92 1439
93 16
93 98
93 149
93 305
93 311
93 479
93 489
93 709
93 901
93 1045
93 1252
93 1324
94 49
94 974
94 1625
95 72
95 96
95 136
95 198
95 199
95 460
95 467
95 1529
95 1974
96 3
96 54
96 72
96 95
96 123
96 372
96 460
96 985
97 80
97 112
97 226
97 245
97 307
97 1028
97 1314
97 1376
97 1519
98 93
98 549
98 709
98 1713
99 114
99 145
99 162
99 200
99 206
99 214
99 252
99 406
99 503
99 533
99 663
99 980
99 1094
99 1101
99 1135
99 1308
99 1393
99 1442
99 1545
99 1614
99 2166
99 2172
99 2218
100 15
100 84
100 147
100 527
100 924
100 990
100 1449
100 2062
101 9
101 67
101 103
101 224
101 273
101 359
101 601
101 1036
101 1532
102 14
102 53
102 74
102 89
102 238
102 353
102 704
102 769
102 1277
102 1554
103 58
103 67
103 101
103 113
103 119
103 174
103 236
103 321
103 518
103 601
103 613
103 644
103 727
103 769
103 834
103 850
103 1235
104 11
104 86
104 142
104 258
104 338
104 391
104 429
104 488
104 577
104 736
104 876
104 887
104 1606
104 1850
104 2217
105 4
105 12
105 36
105 79
105 228
105 1080
105 1184
105 1342
106 2
106 143
106 230
106 283
106 705
106 839
106 1615
107 38
107 137
107 365
107 417
107 526
107 1322
108 25
108 196
108 952
108 1124
108 1478
108 1978
108 2167
109 83
109 1010
109 1112
109 1734
110 33
110 60
110 121
110 143
110 148
110 304
110 333
110 369
110 1263
110 1388
110 1600
110 1664
110 2142
110 2233
111 56
111 78
111 127
111 180
111 445
111 447
111 888
111 1086
111 1763
112 97
112 134
112 155
112 175
112 245
112 770
112 1028
112 1314
112 1786
112 1806
113 63
113 103
113 120
113 408
113 680
113 871
113 1016
113 1052
113 1491
113 2074
114 58
114 99
114 152
114 358
114 530
114 663
114 1027
114 1199
115 68
115 69
115 73
115 126
115 410
115 493
115 557
115 862
115 886
115 1195
115 1834
116 40
116 63
116 144
116 327
116 388
116 461
116 476
116 1966
117 1
117 2
117 8
117 59
117 144
117 153
117 274
117 588
117 1056
117 1416
117 1829
117 2246
118 37
118 154
118 170
118 364
118 399
118 1008
118 1193
118 2018
119 103
119 194
119 251
119 601
119 1496
120 113
120 1491
121 60
121 110
121 318
121 888
121 1169
121 2231
122 36
122 908
122 993
122 1176
122 1238
122 1540
122 1716
123 92
123 96
123 401
123 431
123 564
123 883
123 1108
123 1764
123 2071
124 50
124 201
124 226
125 19
125 301
125 1042
125 1136
125 1268
125 1501
125 1605
125 1736
126 32
126 115
127 8
127 24
127 57
127 78
127 111
127 198
127 316
127 452
127 882
127 1330
128 34
128 87
128 389
128 471
128 501
128 1070
128 1132
128 2037
129 80
129 178
129 290
129 563
129 580
129 808
129 1138
129 1317
130 4
130 172
130 531
130 763
130 1146
130 1166
130 1700
130 2042
131 22
131 193
131 230
131 257
131 497
131 498
131 526
132 71
132 175
132 216
132 396
132 770
132 787
132 802
132 872
133 6
133 11
133 13
133 171
133 196
133 320
133 535
133 752
133 1069
134 112
134 218
134 221
134 619
134 1464
134 2125
135 0
135 150
135 184
135 188
135 202
135 207
135 240
135 275
135 288
135 331
135 339
135 347
135 402
135 445
135 514
135 663
135 1422
135 1820
135 1861
135 2166
135 2250
136 95
136 166
136 199
136 481
137 107
137 183
137 417
138 20
138 37
138 227
138 606
138 1106
138 1342
139 46
139 50
139 256
139 335
139 381
139 898
139 1575
139 1807
139 2051
140 11
140 46
140 58
140 968
140 2085
140 2158
141 6
141 77
141 395
141 722
141 1375
141 1560
141 2068
142 104
142 330
142 426
142 429
142 453
142 565
142 577
142 876
142 1897
143 106
143 110
143 146
143 337
144 8
144 63
144 116
144 117
144 153
144 274
144 588
145 99
145 1028
146 10
146 143
146 149
146 376
146 377
146 560
146 599
146 687
147 12
147 15
147 43
147 84
147 100
147 708
147 1976
148 32
148 62
148 110
148 261
148 327
148 643
148 658
148 1011
148 1367
148 1388
148 1930
149 16
149 93
149 146
149 305
149 313
149 388
149 468
149 489
149 613
149 901
149 1293
149 1324
150 0
150 135
150 181
150 401
150 663
150 897
150 1301
150 1696
150 1861
151 76
151 361
151 615
151 735
151 1266
151 2284
152 114
152 407
152 663
152 905
153 1
153 2
153 8
153 63
153 117
153 144
153 222
153 274
153 467
153 588
153 742
153 1319
153 1416
153 2254
153 2282
154 7
154 39
154 118
154 170
154 209
154 266
154 399
154 412
154 979
154 1008
154 1202
154 1336
154 1431
155 0
155 3
155 112
155 427
155 612
156 22
156 165
156 193
156 269
156 715
156 729
156 807
156 1669
157 0
157 424
157 1007
158 31
158 59
158 83
158 187
158 508
158 518
158 613
158 676
158 963
158 1201
158 1421
159 739
159 1306
159 2071
160 53
160 366
160 1404
161 77
161 188
161 248
161 406
161 772
161 2293
162 99
162 319
162 477
162 599
162 693
162 833
162 834
163 52
163 194
163 608
163 749
163 761
163 764
163 966
163 1065
163 1146
163 1419
163 2222
164 5
164 30
164 54
164 350
164 1127
164 1419
164 1595
164 1598
164 1841
164 1986
164 2043
164 2212
165 156
165 177
165 259
165 284
165 291
165 801
165 807
165 1093
165 1724
166 42
166 136
166 242
167 71
167 215
167 455
167 1257
168 39
168 1249
168 1608
169 5
169 487
169 920
169 959
169 1180
170 37
170 51
170 118
170 154
170 513
170 802
170 2297
171 133
171 196
171 767
172 77
172 130
172 2165
172 2243
173 9
173 233
173 469
173 1197
173 1318
173 1330
173 1521
173 1698
174 74
174 103
174 236
174 300
174 339
174 556
174 769
174 1178
175 112
175 132
175 190
175 250
175 326
175 396
175 617
175 741
175 770
175 1509
175 1610
175 1655
175 1786
175 2226
176 30
176 293
176 522
176 1005
176 1405
176 1504
177 165
177 284
177 542
177 1188
177 2089
178 129
178 290
178 385
178 808
179 16
179 48
179 83
179 189
179 424
179 739
179 906
179 1047
180 41
180 111
180 318
180 608
180 789
180 863
180 1499
181 1
181 10
181 150
181 203
181 373
181 401
181 405
181 462
181 663
181 831
181 1747
181 2027
182 28
182 1218
182 1617
183 137
183 374
183 425
184 0
184 135
184 206
184 402
184 951
184 1983
184 2166
185 26
185 62
185 910
185 934
186 64
186 196
186 203
186 306
186 748
186 831
186 887
186 952
186 2074
187 16
187 31
187 48
187 158
187 472
187 505
187 613
187 1026
187 1421
187 1598
188 0
188 77
188 135
188 161
188 254
188 308
188 361
188 548
188 933
188 1329
188 1438
188 2293
189 179
189 313
189 424
189 798
189 1324
189 1374
189 1442
189 1865
190 175
190 838
190 1655
191 67
191 1444
192 36
192 268
192 315
192 387
192 500
192 1073
192 1290
192 1531
192 1837
192 2110
192 2259
193 131
193 156
193 289
193 497
193 715
193 729
193 819
193 1521
194 119
194 163
194 251
194 287
194 764
194 1474
195 80
195 295
195 915
195 1142
196 5
196 6
196 12
196 15
196 25
196 64
196 108
196 133
196 171
196 186
196 782
197 9
197 67
197 202
197 216
197 240
197 339
197 541
197 1567
198 24
198 95
198 127
198 222
198 337
198 460
198 505
198 1250
198 1632
198 2238
199 24
199 41
199 64
199 95
199 136
199 537
199 1210
199 1473
199 1995
200 56
200 99
200 252
200 380
200 1333
200 1361
200 1545
200 2166
201 0
201 3
201 124
201 367
201 473
201 742
201 1539
201 1985
202 0
202 135
202 197
202 207
202 240
202 680
202 909
202 911
202 1022
202 1143
202 2250
203 181
203 186
203 227
203 373
203 474
203 830
203 831
203 869
204 73
204 727
204 1556
205 68
205 257
205 656
205 1677
206 99
206 184
206 402
206 406
206 503
206 607
206 877
206 1576
206 1742
206 2166
207 0
207 2
207 135
207 202
207 329
207 585
207 759
207 791
207 899
207 961
207 1053
207 1365
208 2
208 292
208 339
208 450
208 579
208 1722
209 39
209 154
209 241
209 463
209 1494
209 1557
209 1604
209 2112
210 59
210 1926
211 35
211 71
211 74
211 439
211 499
211 649
211 792
212 62
212 229
212 256
212 1573
212 1860
213 291
213 1293
214 74
214 99
214 225
214 317
214 404
214 980
215 38
215 167
215 455
215 612
215 796
215 1463
216 132
216 197
216 295
216 396
216 684
216 1567
216 2247
217 37
217 60
217 231
217 495
217 597
217 645
217 999
217 1192
217 1343
217 1462
217 1903
217 2117
218 5
218 42
218 43
218 134
218 232
218 1251
218 1587
218 1620
219 4
219 5
219 6
219 16
219 21
219 37
219 50
219 75
220 37
220 225
220 482
220 553
220 594
220 2097
221 134
221 252
221 700
221 1059
221 2125
222 8
222 24
222 153
222 198
222 419
222 836
222 1632
222 1766
222 1845
223 10
223 787
223 942
223 1096
223 1172
223 1228
224 67
224 101
224 243
224 463
224 600
224 726
224 1036
224 1161
224 1532
225 214
225 220
225 261
225 317
225 758
225 775
225 1572
225 1791
225 2134
226 97
226 124
226 810
226 858
226 869
226 1022
227 37
227 138
227 203
227 1332
228 12
228 39
228 105
228 237
228 972
228 993
228 1058
228 1184
228 1407
228 1664
229 13
229 62
229 212
229 256
229 843
229 1308
230 2
230 106
230 131
230 498
231 217
231 1462
231 1509
231 2069
232 23
232 72
232 218
232 270
232 441
232 463
232 620
232 1389
232 2222
233 173
233 1318
233 1601
234 1579
235 0
235 325
235 818
236 103
236 174
236 556
236 673
236 675
236 834
236 979
236 1110
236 2014
237 228
237 301
237 546
237 589
237 1631
238 102
238 353
238 413
238 535
238 551
238 704
238 743
238 1277
238 1582
238 1727
238 1818
239 49
239 64
239 347
239 2123
240 0
240 135
240 197
240 202
240 292
240 339
240 538
240 741
240 1143
240 1820
240 1861
240 2250
240 2294
241 209
241 270
241 274
241 463
241 560
241 1385
242 24
242 87
242 166
242 243
242 861
242 1035
242 1469
242 1992
243 224
243 242
243 475
243 776
243 1153
243 1283
243 2237
244 55
244 594
244 687
244 1483
245 97
245 112
245 1314
245 1519
245 2167
246 90
246 357
246 770
246 1302
247 9
247 22
247 58
247 59
247 340
247 478
247 561
247 784
247 801
247 907
247 1179
247 1236
247 1377
247 1470
247 1797
248 77
248 161
248 621
248 1752
248 2052
249 2
249 4
249 8
249 58
249 59
249 285
249 1124
249 2167
250 175
250 351
250 1085
250 1548
250 1771
251 119
251 194
251 350
251 372
252 99
252 200
252 221
252 423
252 1361
252 1545
252 1966
252 2166
252 2251
253 1
253 2
253 4
253 6
253 12
253 57
253 383
253 448
253 662
253 838
253 859
253 894
253 1276
253 1470
253 1644
253 1962
254 188
254 356
254 357
254 361
254 963
254 998
254 1149
254 1329
254 1383
254 1438
254 1821
255 2
255 6
255 16
255 20
255 73
255 273
255 1272
255 1938
256 139
256 212
256 229
256 267
256 299
256 515
256 1311
257 0
257 3
257 22
257 68
257 131
257 205
257 308
257 324
257 1724
257 2150
258 11
258 104
258 282
258 332
258 370
258 402
258 507
258 887
258 1571
258 1592
258 1603
258 1850
258 1882
258 2217
259 165
259 349
259 689
259 853
259 1708
260 12
260 26
260 302
260 774
260 1767
260 1872
261 148
261 225
261 775
261 1367
262 36
262 267
262 437
262 1021
262 1305
262 1889
263 60
263 1023
263 2186
264 44
264 278
264 382
264 669
264 713
264 917
264 1264
264 1340
264 1424
264 1862
265 450
265 1663
266 154
266 364
266 1020
267 36
267 256
267 262
267 1021
267 1305
268 192
268 315
269 5
269 17
269 22
269 156
269 392
269 558
269 715
269 1280
269 1386
269 1669
269 1990
269 2077
270 232
270 241
270 326
270 420
270 441
270 459
270 463
270 629
270 1007
270 1292
270 1385
270 1403
270 1533
270 2093
271 0
271 1
271 362
271 464
271 619
271 1301
271 1410
272 1262
272 1484
273 20
273 101
273 255
273 712
273 1170
274 8
274 117
274 144
274 153
274 241
274 316
275 135
275 285
275 347
275 445
275 488
275 736
275 1187
275 2230
276 64
276 71
276 280
276 438
276 579
276 591
276 1334
276 1483
276 1593
276 1895
276 2116
276 2147
277 71
277 499
277 1657
277 1688
278 44
278 264
278 354
278 506
278 917
278 984
279 2
279 4
279 5
279 6
279 21
279 50
279 68
279 306
279 454
279 1278
279 2133
280 276
280 437
280 484
280 510
280 545
280 826
280 1305
281 1
281 10
281 528
281 607
282 258
282 1484
282 1709
282 1953
282 2151
283 106
283 296
283 319
283 1615
283 1760
284 165
284 177
284 456
284 575
284 801
285 249
285 275
285 309
285 348
285 574
285 864
285 1824
285 1826
285 2230
285 2292
286 363
286 2156
287 1
287 194
287 340
287 401
287 633
287 818
287 1119
287 1125
288 135
288 331
288 1269
288 1307
289 44
289 193
289 497
289 938
289 1627
289 1676
290 11
290 13
290 80
290 129
290 178
290 598
290 967
290 1925
291 165
291 213
291 1355
292 0
292 1
292 2
292 208
292 240
292 339
292 424
292 748
292 965
292 1141
293 30
293 176
293 598
293 828
293 946
293 1405
294 0
294 1
294 2
294 4
294 8
294 24
294 64
294 1024
294 1038
294 1324
295 80
295 195
295 216
295 915
295 1860
295 1959
295 2247
296 283
296 449
296 777
296 921
296 1972
297 16
297 79
297 83
297 541
297 1573
298 56
298 512
298 548
299 20
299 256
299 329
299 1595
299 1794
299 1839
300 74
300 174
300 769
300 1366
301 125
301 237
301 546
301 633
301 1042
302 260
302 754
302 826
302 1183
303 2
303 63
303 341
303 363
303 575
303 637
303 755
303 1846
304 69
304 110
304 310
304 333
304 462
304 840
304 1600
304 1664
304 2142
305 93
305 149
305 386
305 489
305 805
305 901
305 911
305 1045
305 1520
306 64
306 186
306 279
306 748
306 987
306 1081
306 1922
307 97
307 418
307 752
308 188
308 257
308 324
308 584
308 1075
308 1161
308 1869
309 0
309 2
309 4
309 12
309 36
309 285
309 674
309 1337
310 304
310 840
310 941
310 1164
310 1785
311 16
311 93
311 317
311 991
311 1838
312 71
312 717
312 1033
312 2169
313 149
313 189
313 489
313 666
313 710
313 798
313 1324
313 1362
313 1762
314 48
314 444
314 896
315 192
315 268
315 855
315 1005
316 127
316 274
317 214
317 225
317 311
318 41
318 121
318 180
318 351
318 789
318 800
318 888
318 1237
318 1499
318 1755
318 1792
319 162
319 283
320 133
320 569
320 867
320 964
320 1110
320 1115
320 2129
321 103
321 667
321 928
321 1235
321 1338
321 1524
322 63
322 1461
322 1517
322 1756
323 18
323 743
323 1206
323 1277
323 1328
323 1690
324 68
324 92
324 257
324 308
324 368
324 584
324 592
324 601
324 882
324 1082
324 1121
324 1635
324 1673
325 0
325 235
325 466
325 1392
325 1707
325 2014
326 175
326 270
326 415
326 741
326 778
326 1007
327 116
327 148
327 700
327 1367
327 2036
328 0
328 84
328 484
329 207
329 299
329 961
329 1794
330 142
330 429
330 543
330 1321
330 1868
330 1998
331 135
331 288
331 933
331 1307
332 258
332 919
333 37
333 110
333 304
333 367
333 462
333 580
333 840
333 1061
333 1358
333 1664
334 67
334 443
335 0
335 2
335 46
335 50
335 139
335 381
335 433
335 536
335 1632
336 55
336 457
336 594
336 665
336 1084
336 1383
336 1483
336 1580
337 143
337 198
337 715
337 2215
338 104
338 523
338 647
338 730
338 861
338 2096
338 2195
339 0
339 2
339 17
339 33
339 135
339 174
339 197
339 208
339 240
339 292
339 377
339 424
339 509
339 611
339 694
339 1861
339 1982
340 0
340 1
340 2
340 9
340 45
340 67
340 247
340 287
340 781
340 956
341 63
341 303
341 575
341 637
341 755
342 2
342 491
342 1727
342 1733
343 67
343 370
343 554
343 2099
343 2192
344 851
344 1716
345 8
345 13
345 23
345 1021
345 1305
345 1554
345 1874
345 2085
345 2158
346 12
346 25
346 719
346 877
346 1857
346 2295
347 135
347 239
347 275
347 488
347 912
348 285
348 886
348 2230
349 259
349 596
349 853
350 30
350 54
350 164
350 251
350 375
350 417
350 556
350 659
350 766
350 813
350 904
350 956
350 1109
350 1127
350 1420
350 1815
351 250
351 318
351 1085
352 7
352 16
352 18
352 568
352 622
352 887
352 908
352 2039
353 2
353 6
353 26
353 46
353 89
353 102
353 238
353 413
353 639
353 898
353 944
353 1103
353 1140
353 1303
353 1687
353 1807
354 45
354 278
354 506
354 523
354 1652
354 2299
355 902
355 978
355 1212
356 254
356 357
356 361
356 490
356 950
356 953
356 1329
356 1771
357 246
357 254
357 356
357 963
358 114
358 954
359 101
359 1493
359 1514
360 934
361 76
361 151
361 188
361 254
361 356
361 963
362 1
362 271
362 480
362 619
362 1106
362 1410
362 1445
362 1464
362 2133
363 63
363 286
363 303
363 1772
363 2043
363 2156
364 118
364 266
364 1274
364 1879
364 2083
365 107
365 2266
366 160
366 1032
366 1602
366 1877
367 0
367 3
367 201
367 333
367 655
367 1757
368 12
368 36
368 324
368 482
368 601
368 1121
368 1440
368 1738
368 1837
369 3
369 40
369 52
369 78
369 110
369 384
369 521
369 628
369 775
369 984
369 1100
369 1341
369 1610
369 1754
369 1836
370 258
370 343
370 507
370 887
371 55
371 494
371 920
372 96
372 251
372 470
372 988
372 1166
372 2128
372 2205
373 20
373 82
373 181
373 203
373 583
373 681
374 183
374 425
374 458
374 509
374 856
374 1387
374 1934
375 350
375 422
375 556
375 573
375 589
375 654
375 673
375 904
375 956
375 1219
375 1227
375 1339
375 1402
375 1685
375 1815
376 12
376 146
376 1199
377 146
377 339
377 694
377 1310
377 1668
378 1
378 2
378 8
378 524
379 22
379 31
379 2034
380 200
380 678
380 1893
381 0
381 139
381 335
381 624
381 990
381 1012
381 1313
382 264
382 669
382 917
382 981
382 1139
382 1424
382 2006
383 1
383 4
383 253
383 448
383 1089
383 1718
384 369
384 1836
385 178
385 791
386 91
386 305
386 502
386 646
386 699
387 192
387 416
387 1244
387 1531
388 40
388 116
388 149
388 534
388 553
388 686
388 1068
389 19
389 31
389 34
389 47
389 86
389 128
390 421
391 6
391 50
391 86
391 104
391 520
391 695
391 1254
391 2108
392 36
392 269
392 435
392 446
392 562
392 563
392 703
392 1479
392 1708
392 1867
392 2238
393 40
393 1171
394 0
394 3
394 7
394 625
394 664
394 1062
394 1805
394 1820
394 1942
394 2150
395 6
395 141
396 132
396 175
396 216
396 827
396 848
396 936
396 1703
397 28
397 583
397 661
397 685
397 1291
398 85
398 425
398 458
398 1506
398 1585
398 1903
399 1
399 3
399 7
399 118
399 154
399 455
399 925
399 1932
400 565
400 942
400 1897
401 0
401 1
401 123
401 150
401 181
401 287
401 415
401 723
401 883
401 1125
401 1357
401 1530
402 0
402 135
402 184
402 206
402 258
402 841
402 2166
402 2252
403 6
403 784
403 843
403 907
404 214
404 593
404 711
404 1697
405 181
406 99
406 161
406 206
406 854
406 1019
406 1742
406 2172
407 152
408 40
408 113
408 795
408 931
408 980
408 1846
409 11
409 752
409 1629
410 115
410 604
410 614
410 816
410 1956
411 750
411 1368
411 1981
412 7
412 36
412 39
412 154
412 932
412 2104
413 6
413 238
413 353
413 551
413 823
413 1907
414 40
414 660
414 1020
414 1380
414 1641
414 1744
415 0
415 326
415 401
416 387
416 441
416 1244
416 1531
416 1813
417 38
417 54
417 107
417 137
417 350
417 540
417 1114
417 1347
417 1883
417 2229
418 54
418 307
418 1329
419 222
419 1090
419 1098
419 1435
419 1636
419 1766
419 1845
419 2283
420 270
420 773
420 1531
421 390
421 492
421 679
421 880
421 1938
422 375
422 430
422 627
422 1815
423 39
423 70
423 252
423 664
423 685
423 768
423 1154
423 1230
424 0
424 3
424 16
424 157
424 179
424 189
424 292
424 339
424 602
424 739
424 929
424 1091
424 1141
424 1324
425 85
425 183
425 374
425 398
425 509
425 1407
425 1778
426 142
426 480
426 565
426 870
426 1037
426 1897
427 0
427 22
427 155
427 461
427 578
427 1410
427 1793
427 1896
428 31
428 35
428 735
429 104
429 142
429 330
429 530
429 763
429 1527
430 45
430 422
430 768
430 1373
431 73
431 123
431 918
431 1917
431 1999
432 91
432 1717
433 74
433 335
433 1508
434 14
434 769
435 392
435 516
435 703
435 1479
435 1708
436 92
436 718
436 1591
437 262
437 280
437 855
437 1305
438 276
438 521
438 591
438 984
438 997
438 2147
439 211
439 792
439 1728
439 2001
440 36
440 73
440 998
440 1821
440 2084
441 232
441 270
441 416
441 463
441 489
441 684
441 876
441 2111
442 66
442 516
442 519
443 334
443 567
444 314
444 557
444 1693
445 0
445 56
445 111
445 135
445 275
445 545
445 1191
446 0
446 9
446 67
446 392
446 1313
446 1950
446 2120
446 2150
446 2238
447 111
447 554
447 1763
448 2
448 44
448 253
448 383
448 630
448 824
448 1160
448 1783
449 296
449 564
449 1406
450 2
450 208
450 265
450 532
450 1722
450 1915
450 1923
450 2256
451 27
451 38
451 487
451 829
451 896
451 1057
452 0
452 2
452 8
452 10
452 20
452 22
452 24
452 127
452 880
452 1211
452 2063
452 2150
453 142
453 529
453 577
453 668
453 1413
453 1500
454 279
454 1278
455 167
455 215
455 399
456 284
456 466
456 552
456 801
456 1209
456 1392
456 1424
456 1659
456 1984
456 2232
457 46
457 336
457 594
457 2080
458 85
458 374
458 398
458 751
458 992
458 1273
459 270
459 1060
459 1285
459 1385
459 2093
460 72
460 95
460 96
460 198
460 719
460 812
460 1250
461 116
461 427
461 1793
462 181
462 304
462 333
462 842
462 1438
462 1732
462 1765
462 2030
463 209
463 224
463 232
463 241
463 270
463 441
463 684
463 1604
463 2247
464 271
464 619
464 808
464 1398
464 1464
465 63
465 1167
466 325
466 456
466 620
466 1392
467 95
467 153
467 2275
468 16
468 149
468 691
468 1230
468 1757
468 2148
469 173
469 681
469 1197
469 1330
469 1517
470 372
470 595
470 1511
471 128
471 1009
472 4
472 12
472 187
472 505
472 1144
472 1382
473 0
473 1
473 3
473 9
473 201
473 757
473 826
474 203
474 831
474 869
474 1105
474 1378
474 1418
475 243
475 1614
476 85
476 116
477 162
477 885
477 1002
477 1772
478 247
478 534
478 561
478 1236
478 1377
478 1470
478 1797
479 93
479 1466
479 2019
479 2102
479 2178
480 1
480 362
480 426
480 486
480 1705
481 20
481 136
481 1711
482 220
482 368
482 553
482 670
482 686
482 1797
483 41
483 605
483 832
483 1792
484 280
484 328
484 517
484 757
484 826
484 1104
484 2056
484 2062
484 2233
485 23
485 70
485 570
485 1571
485 1796
486 480
486 1723
487 169
487 451
487 920
487 958
487 2213
488 104
488 275
488 347
488 592
488 627
488 736
489 93
489 149
489 305
489 313
489 441
489 555
490 356
490 497
490 1126
490 1329
491 342
491 689
491 762
491 1727
492 5
492 421
492 532
492 744
492 844
492 1214
492 1658
492 1759
492 1782
493 15
493 115
493 1312
494 371
494 495
495 217
495 494
495 597
495 952
495 1510
495 2117
496 76
496 875
496 931
496 1749
497 131
497 193
497 289
497 490
498 47
498 131
498 230
498 526
498 966
499 0
499 9
499 22
499 71
499 211
499 277
499 903
499 1299
499 2150
500 192
500 930
500 1531
500 2110
500 2149
501 128
501 692
501 1067
502 386
502 1093
503 99
503 206
503 634
503 705
503 1308
503 1374
503 1442
503 2218
504 721
504 756
505 2
505 4
505 12
505 26
505 187
505 198
505 472
505 1026
506 45
506 278
506 354
506 900
506 1001
506 1639
507 11
507 61
507 258
507 370
507 1650
508 158
508 518
508 709
508 951
508 1201
508 2113
509 339
509 374
509 425
509 856
509 1648
509 1872
509 2059
509 2188
510 48
510 83
510 280
510 602
510 826
510 2009
511 12
511 15
511 26
511 544
511 1670
511 1721
511 1767
511 1875
512 5
512 298
512 649
512 683
512 857
512 866
512 1546
512 2072
513 32
513 170
513 543
513 582
513 846
513 1202
513 1793
513 2297
514 135
514 1976
515 256
515 793
515 1695
516 435
516 442
516 795
517 4
517 5
517 6
517 26
517 61
517 484
517 1369
518 58
518 103
518 158
518 508
518 613
518 644
519 442
519 586
519 688
519 1578
519 2212
520 391
520 695
520 812
520 1597
521 369
521 438
521 984
521 1189
522 176
522 587
522 626
522 1005
522 1126
522 1488
522 1504
523 338
523 354
523 1256
524 27
524 378
524 1941
525 704
525 935
526 27
526 38
526 49
526 107
526 131
526 498
526 833
526 1248
526 1495
526 1625
527 12
527 15
527 45
527 100
527 788
527 1449
528 281
529 453
529 577
529 668
529 973
529 1261
529 1500
530 58
530 114
530 429
530 1027
530 1396
531 2
531 4
531 130
532 2
532 450
532 492
532 744
532 844
532 1162
533 6
533 50
533 51
533 99
533 571
533 881
534 388
534 478
534 686
534 1236
534 1797
535 6
535 133
535 238
535 571
535 632
535 662
535 995
535 1727
536 335
536 1191
536 1632
537 199
538 240
538 741
538 1820
539 43
539 708
539 1045
539 1050
540 87
540 417
540 1286
540 1583
540 1646
540 1909
541 1
541 9
541 67
541 197
541 297
542 5
542 177
542 653
542 962
542 973
542 1719
543 330
543 513
543 1526
544 15
544 511
544 1683
545 280
545 445
545 635
545 711
546 68
546 237
546 301
546 1834
547 11
547 58
547 59
547 1213
547 2223
548 188
548 298
548 732
548 807
548 969
548 1724
549 98
549 1605
549 2058
550 79
550 697
550 996
550 1080
551 238
551 413
551 1907
552 456
552 696
552 1044
552 1414
552 1424
552 1498
552 1589
552 1894
552 2098
553 220
553 388
553 482
553 686
553 1236
553 1503
553 1553
554 9
554 56
554 67
554 343
554 447
554 701
554 745
554 2192
555 77
555 489
555 965
555 2021
555 2073
556 174
556 236
556 350
556 375
556 659
556 673
556 1420
557 115
557 444
558 269
558 1280
558 1669
559 1759
559 1944
560 146
560 241
560 567
560 1078
560 1651
561 247
561 478
561 652
561 714
561 1326
561 1470
561 2244
562 392
562 563
563 36
563 129
563 392
563 562
563 652
564 123
564 449
564 1108
565 142
565 400
565 426
565 740
565 870
565 942
565 1168
565 1897
565 2122
566 33
566 1006
566 1315
566 1817
567 443
567 560
567 590
567 1651
567 1695
568 352
568 908
568 1400
569 320
569 1791
570 485
570 581
570 701
570 1075
570 1296
571 533
571 535
572 7
572 785
573 375
573 765
573 1200
573 1339
574 285
574 779
574 2029
575 63
575 284
575 303
575 341
575 1712
575 1802
576 706
576 731
576 2144
576 2153
577 104
577 142
577 453
577 529
577 1726
577 2095
578 427
578 844
578 1185
579 2
579 71
579 208
579 276
579 873
579 1034
579 1397
579 1505
579 2040
580 129
580 333
580 809
581 570
581 1075
581 1133
581 2258
582 37
582 513
582 821
582 1442
582 1933
583 373
583 397
583 661
583 819
583 1622
584 308
584 324
584 1673
584 1886
585 207
585 947
585 1365
586 519
586 638
586 716
586 1578
586 2212
587 522
587 905
587 1126
587 1504
587 1656
587 2035
587 2135
588 117
588 144
588 153
588 707
588 977
588 2010
589 237
589 375
589 956
589 1220
590 51
590 567
590 1651
590 2092
591 74
591 276
591 438
592 324
592 488
592 627
592 736
592 937
592 1326
592 1457
593 404
593 667
594 20
594 37
594 50
594 51
594 55
594 220
594 244
594 336
594 457
594 817
595 12
595 470
595 609
595 676
595 1693
596 12
596 349
596 747
596 853
597 217
597 495
598 290
598 293
598 1267
599 146
599 162
599 953
600 224
600 726
600 1036
600 1077
600 1161
600 1353
600 2139
601 101
601 103
601 119
601 324
601 368
601 1119
601 1465
602 424
602 510
602 1870
603 657
604 51
604 410
604 713
604 1665
604 2175
605 483
605 832
605 1469
606 20
606 138
606 1657
607 206
607 281
607 1965
608 163
608 180
608 789
608 863
608 1798
609 16
609 595
609 1638
609 1788
610 90
610 1194
610 1339
610 1830
611 17
611 63
611 339
611 694
611 1098
612 0
612 155
612 215
612 796
612 1485
613 103
613 149
613 158
613 187
613 518
613 1585
613 1633
614 77
614 410
614 978
614 1318
614 1521
615 151
615 735
615 1403
616 68
616 1225
616 1645
616 1834
617 175
617 657
617 1655
618 53
618 2225
619 134
619 271
619 362
619 464
619 1398
619 1464
619 1628
619 2133
619 2253
620 23
620 232
620 466
621 248
621 1087
621 1165
621 1252
621 1512
621 1752
621 2052
622 20
622 352
622 887
622 1051
623 981
623 1039
623 2203
624 381
624 990
624 1313
625 394
626 522
626 1746
627 422
627 488
627 592
628 78
628 369
628 721
628 775
628 1128
628 1731
629 270
629 2267
630 45
630 448
630 824
630 1320
632 535
632 662
632 995
632 1890
633 287
633 301
634 503
634 760
634 1152
634 1704
635 545
635 2141
636 55
636 1658
636 2049
636 2066
636 2255
637 303
637 341
637 648
637 2050
637 2131
638 586
638 1430
638 2203
639 353
639 892
639 1103
639 1140
640 19
640 1043
641 43
641 1215
641 1454
642 60
642 2290
643 148
643 658
643 785
644 103
644 518
645 217
645 1144
645 1932
646 386
646 1574
646 1957
646 2114
647 26
647 58
647 338
647 1072
647 1170
647 1999
647 2277
648 637
648 1811
648 2131
649 35
649 74
649 211
649 512
649 683
649 857
650 2138
651 1832
652 561
652 563
652 917
653 54
653 542
653 2279
654 24
654 375
654 673
654 874
654 1219
654 1350
654 1385
654 2163
655 367
655 1790
655 2225
656 205
656 1194
656 1973
657 603
657 617
657 734
657 1186
657 1294
658 148
658 643
658 919
658 959
658 1622
658 2033
658 2261
659 350
659 556
659 717
659 1282
659 1420
659 1819
659 1839
660 414
661 397
661 583
661 890
661 1398
661 2090
661 2171
662 2
662 6
662 20
662 37
662 253
662 535
662 632
662 995
663 0
663 99
663 114
663 135
663 150
663 152
663 181
663 788
663 1034
663 1148
663 1696
664 0
664 394
664 423
665 336
665 733
665 1084
666 313
666 814
666 881
666 1762
666 1856
666 1955
667 321
667 593
668 453
668 529
668 1198
668 1885
668 1985
669 264
669 382
669 686
669 783
669 1844
669 1987
670 482
670 1541
671 12
671 682
671 1205
671 1940
671 1980
671 1997
672 12
672 691
672 1137
673 236
673 375
673 556
673 654
673 834
673 986
673 1167
673 1219
673 1385
673 1420
673 1752
673 2140
674 309
674 690
674 728
674 1030
674 1587
674 2219
675 86
675 236
675 1396
675 1866
676 12
676 158
676 595
676 1991
677 720
677 772
677 773
677 1284
677 1609
678 380
678 1952
678 2271
679 421
679 865
680 113
680 202
680 755
680 909
680 911
681 373
681 469
681 893
681 1003
681 1781
681 1817
681 1934
682 671
682 1940
682 2076
682 2262
683 512
683 649
683 857
683 1616
683 2072
684 216
684 441
684 463
684 2247
685 397
685 423
685 799
685 1121
686 388
686 482
686 534
686 553
686 669
686 1236
686 1377
686 1797
687 146
687 244
687 1590
688 519
689 259
689 491
689 853
690 674
690 845
690 1825
690 1834
690 2219
691 12
691 468
691 672
691 1254
691 1757
692 501
693 162
693 834
693 1789
694 63
694 339
694 377
694 611
695 391
695 520
695 812
695 1258
695 1739
695 2242
696 552
696 891
696 926
696 1498
696 1894
697 550
697 907
697 1080
698 852
699 386
699 884
700 221
700 327
700 914
700 1129
700 1993
701 554
701 570
701 1190
701 1296
702 2058
703 12
703 36
703 392
703 435
703 828
704 6
704 14
704 53
704 74
704 89
704 102
704 238
704 525
704 1267
704 1282
705 106
705 503
705 957
705 1442
706 576
706 2144
707 588
708 15
708 43
708 147
708 539
708 1017
708 1050
708 1628
708 1721
708 1875
708 2092
709 93
709 98
709 508
710 313
710 750
710 1692
710 2101
711 404
711 545
711 1836
711 2081
712 273
712 1907
713 51
713 264
713 604
713 746
713 910
713 1287
713 1683
713 1862
714 561
714 1326
714 1769
715 156
715 193
715 269
715 337
715 729
715 2215
716 586
716 722
716 1375
716 2151
716 2212
717 312
717 659
717 2073
717 2169
718 436
718 1591
718 1998
719 346
719 460
719 1300
719 1390
719 1857
720 19
720 31
720 677
720 773
720 1025
720 1143
720 1482
721 504
721 628
721 1128
722 141
722 716
722 825
722 1375
722 1690
722 1773
723 47
723 401
723 1530
724 12
724 860
724 1323
724 1699
726 224
726 600
726 1036
726 1077
726 1161
726 1275
727 103
727 204
728 674
729 156
729 193
729 715
729 1669
729 2243
730 338
730 1107
731 576
731 1201
731 1222
731 1553
732 2
732 8
732 11
732 23
732 548
732 1360
732 1662
733 665
734 657
734 1828
735 151
735 428
735 615
735 1266
736 86
736 104
736 275
736 488
736 592
736 1080
737 52
737 1713
738 75
738 1253
738 1646
738 1988
739 16
739 159
739 179
739 424
739 929
739 1066
739 1306
739 2071
740 565
740 1180
740 1916
741 0
741 175
741 240
741 326
741 538
741 1007
741 2082
742 2
742 153
742 201
742 895
742 1443
742 1794
742 2254
743 238
743 323
743 1277
744 492
744 532
744 1162
745 56
745 67
745 554
745 1035
745 1910
745 2281
746 713
746 1334
746 1676
746 1683
747 596
747 948
747 1528
747 1888
748 64
748 186
748 292
748 306
748 1122
748 1415
748 2070
749 163
749 764
749 1025
749 1419
750 411
750 710
751 39
751 458
752 11
752 133
752 307
752 409
752 878
752 1069
752 2190
754 2
754 4
754 30
754 85
754 302
754 2118
755 1
755 2
755 63
755 303
755 341
755 680
755 785
755 894
755 1634
756 504
756 1223
756 1233
757 473
757 484
757 759
757 826
757 1271
758 31
758 34
758 225
758 775
758 1791
759 207
759 757
759 798
759 899
759 1103
759 1271
759 1640
760 634
760 1704
761 7
761 66
761 163
761 1008
761 1049
761 1065
761 1747
761 2222
762 21
762 491
763 130
763 429
763 1166
763 1333
763 1468
763 1809
764 163
764 194
764 749
764 865
764 925
764 1419
764 2081
765 27
765 573
765 937
765 1068
765 1472
765 1712
765 1936
766 350
766 824
766 1127
767 7
767 171
767 799
767 1079
768 45
768 423
768 430
769 14
769 53
769 74
769 89
769 102
769 103
769 174
769 300
769 434
769 1366
769 2235
770 71
770 112
770 132
770 175
770 246
770 2077
772 161
772 677
773 420
773 677
773 720
773 1026
773 1878
774 12
774 260
774 1872
774 1993
775 78
775 225
775 261
775 369
775 628
775 758
775 1092
775 1367
776 243
776 1177
776 1949
777 296
777 1972
778 326
778 1007
778 1513
778 2289
779 574
779 793
780 804
780 1559
781 9
781 340
781 1921
782 196
783 669
783 2137
783 2291
784 247
784 403
784 907
784 1294
785 1
785 3
785 7
785 572
785 643
785 755
785 1000
785 1018
785 1213
785 1634
786 21
786 85
786 857
787 132
787 223
787 797
787 814
787 1275
787 1443
788 527
788 663
788 823
788 922
789 36
789 41
789 180
789 318
789 608
789 863
789 1792
790 9
790 10
791 207
791 385
792 35
792 74
792 211
792 439
792 943
792 1851
793 515
793 779
794 1014
794 1027
794 1384
794 1393
794 1576
795 408
795 516
795 1155
795 1268
795 1667
795 1878
796 77
796 215
796 612
796 1345
797 787
797 1415
797 1972
798 189
798 313
798 759
798 1273
799 685
799 767
799 891
799 926
799 1513
799 1800
800 10
800 24
800 41
800 318
800 1351
800 1964
801 165
801 247
801 284
801 456
801 1209
801 1551
802 132
802 170
802 872
802 1563
803 821
803 898
803 2047
803 2064
804 42
804 84
804 780
804 1249
804 1559
805 305
805 1227
805 1684
805 1868
806 10
806 944
806 1370
806 2051
807 22
807 156
807 165
807 548
807 1724
808 80
808 129
808 178
808 464
808 899
809 580
809 1196
809 1776
810 226
810 1017
811 82
811 2155
812 460
812 520
812 695
813 350
813 1919
814 666
814 787
815 948
816 410
816 903
816 1775
817 50
817 92
817 594
817 1642
818 235
818 287
818 1606
818 1783
819 193
819 583
819 1054
820 924
820 1947
820 2062
821 582
821 803
822 2
822 8
823 413
823 788
823 1238
824 448
824 630
824 766
824 1474
824 2195
825 722
825 1078
825 1391
826 280
826 302
826 473
826 484
826 510
826 757
826 1271
827 72
827 396
827 1029
828 293
828 703
828 946
828 1137
829 451
829 1130
830 203
830 1271
830 1418
831 62
831 181
831 186
831 203
831 474
832 24
832 41
832 483
832 605
832 936
832 1469
833 162
833 526
833 1625
834 67
834 103
834 162
834 236
834 673
834 693
834 1219
834 1244
834 1531
834 1789
835 53
835 56
835 849
835 1446
836 63
836 222
836 858
837 1309
838 190
838 253
838 1058
838 1247
838 1320
838 1429
839 106
839 927
840 304
840 310
840 333
840 1497
841 402
841 866
841 1009
841 1546
842 462
842 1065
842 1135
842 1848
843 229
843 403
843 1569
844 492
844 532
844 578
844 892
844 923
844 1162
844 1949
845 690
845 1825
845 1834
846 513
846 994
847 0
847 2
847 8
847 24
847 45
847 88
847 1451
847 2072
848 396
848 1029
849 835
849 1088
849 1446
849 1575
849 1672
850 103
850 1264
851 344
852 698
852 1099
853 259
853 349
853 596
853 689
853 1241
853 2229
854 406
854 1019
854 1187
855 315
855 437
855 1005
856 374
856 509
856 1185
856 2059
857 512
857 649
857 683
857 786
857 968
858 226
858 836
858 945
859 253
859 894
859 1292
859 1561
859 1644
859 2103
860 724
860 1323
860 1436
861 242
861 338
862 115
862 886
862 1871
862 1905
862 2228
863 35
863 180
863 608
863 789
863 912
863 1865
864 285
864 1323
865 679
865 764
865 2081
866 512
866 841
866 1002
866 1011
866 1536
866 1546
866 1607
867 320
867 1110
869 203
869 226
869 474
870 426
870 565
870 1096
870 2128
871 113
871 1016
871 1052
872 132
872 802
872 935
873 61
873 579
873 1240
873 1523
873 1945
873 1960
874 654
875 496
875 931
875 1208
876 104
876 142
876 441
876 1717
876 2057
877 206
877 346
878 752
879 904
879 922
879 1288
880 421
880 452
880 1260
880 1392
880 1938
880 2063
881 533
881 666
881 1487
881 1492
882 24
882 127
882 324
882 1083
882 1197
882 1330
883 19
883 123
883 401
883 960
883 2071
884 699
884 1018
884 1247
884 1337
884 1768
884 1804
885 477
885 1772
886 115
886 348
886 862
886 957
886 1195
886 1871
887 3
887 11
887 20
887 104
887 186
887 258
887 352
887 370
887 622
887 974
887 1356
887 1473
887 1911
888 111
888 121
888 318
889 81
889 1101
889 1694
890 661
890 2171
891 696
891 799
891 926
891 1429
891 1613
892 639
892 844
892 1071
893 681
893 975
894 253
894 755
894 859
894 991
894 1561
895 742
895 947
895 1378
895 1443
895 1794
896 314
896 451
897 150
897 1702
897 1861
897 2162
898 6
898 46
898 139
898 353
898 803
898 1742
898 1807
898 1900
898 2091
899 207
899 759
899 808
899 1271
900 42
900 45
900 506
901 93
901 149
901 305
902 64
902 355
903 499
903 816
903 1427
904 350
904 375
904 879
904 1227
904 1288
904 1740
905 152
905 587
905 1126
905 2135
906 48
906 83
906 179
906 1366
906 1811
907 247
907 403
907 697
907 784
907 1475
908 122
908 352
908 568
908 1400
908 1653
908 1711
909 202
909 680
909 1221
909 1225
909 1346
909 1567
909 1592
910 185
910 713
910 2191
911 202
911 305
911 680
911 1045
911 2127
912 347
912 863
913 932
913 940
913 1004
913 1047
913 1570
914 700
914 1651
915 195
915 295
915 1959
916 1216
916 1390
916 1818
917 44
917 264
917 278
917 382
917 652
917 1010
917 1259
918 431
918 1810
918 1911
919 332
919 658
919 1854
919 2033
919 2275
920 169
920 371
920 487
920 1373
920 1591
920 2026
920 2147
921 296
921 1445
921 2154
922 788
922 879
922 1177
923 844
924 100
924 820
924 2062
925 399
925 764
925 1316
925 1350
926 696
926 799
926 891
926 1894
927 839
928 321
929 424
929 739
929 1066
929 2202
930 500
930 1908
930 2060
930 2110
931 408
931 496
931 875
932 7
932 412
932 913
932 940
932 1332
933 188
933 331
934 185
934 360
935 525
935 872
935 1063
936 8
936 10
936 24
936 396
936 832
936 983
936 1228
937 592
937 765
937 1326
938 289
938 1104
938 1627
938 1840
940 33
940 913
940 932
940 1179
940 1970
940 2004
941 310
941 1164
942 223
942 400
942 565
943 792
943 1040
944 353
944 806
945 858
945 1616
946 293
946 828
946 1364
947 585
947 895
947 1378
947 1443
947 1675
948 747
948 815
948 1261
948 1888
949 39
950 356
950 1411
950 2025
951 184
951 508
952 25
952 64
952 108
952 186
952 495
952 2284
953 356
953 599
953 1447
953 1807
954 2
954 45
954 358
955 3
955 1014
955 1384
955 1576
956 340
956 350
956 375
956 589
957 705
957 886
957 1059
957 1195
957 1871
958 487
958 1245
959 169
959 658
960 40
960 883
960 2015
961 207
961 329
961 1430
961 1455
962 42
962 542
962 1584
962 2055
962 2146
963 19
963 31
963 158
963 254
963 357
963 361
963 1996
964 320
964 1110
964 1115
965 292
965 555
965 1538
966 163
966 498
966 1288
967 290
967 1270
968 140
968 857
968 1151
968 1984
968 2080
969 548
969 1248
969 1724
969 2299
970 72
970 2016
971 75
971 2165
972 10
972 35
972 228
972 1730
973 529
973 542
974 94
974 887
974 1108
974 1995
974 2052
975 21
975 893
975 1479
977 588
977 1263
977 2010
978 355
978 614
978 1521
978 1545
979 154
979 236
980 99
980 214
980 408
980 2266
981 382
981 623
983 936
984 278
984 369
984 438
984 521
984 1610
984 1754
985 96
986 88
986 673
986 1095
986 1219
986 1441
987 306
987 992
988 372
988 2205
990 100
990 381
990 624
991 311
991 894
991 1661
992 458
992 987
993 122
993 228
993 1184
993 1359
993 1876
993 1898
993 2006
993 2157
994 33
994 92
994 846
994 1439
994 1849
994 1906
995 535
995 632
995 662
995 1239
995 2254
996 36
996 79
996 550
996 1019
996 1076
996 1080
996 1437
997 438
997 1084
997 1764
998 254
998 440
998 1074
998 1149
998 1821
999 38
999 217
999 1116
999 1192
999 1672
1000 785
1000 1779
1000 2009
1001 506
1002 477
1002 866
1002 1060
1002 1918
1002 2298
1003 83
1003 681
1003 1056
1003 1215
1003 1454
1004 913
1005 30
1005 176
1005 315
1005 522
1005 855
1006 566
1006 1620
1006 1745
1007 157
1007 270
1007 326
1007 741
1007 778
1007 2289
1007 2290
1008 7
1008 39
1008 118
1008 154
1008 761
1008 1049
1008 1155
1008 1471
1009 471
1009 841
1009 1277
1010 83
1010 109
1010 917
1011 148
1011 866
1012 381
1013 5
1013 6
1013 75
1014 794
1014 955
1014 1307
1014 1363
1014 1384
1014 1576
1015 4
1016 113
1016 871
1017 708
1017 810
1017 1207
1017 1628
1018 785
1018 884
1018 1097
1018 1295
1018 2239
1019 406
1019 854
1019 996
1020 266
1020 414
1020 1401
1020 1440
1020 1641
1021 262
1021 267
1021 345
1021 1250
1021 1305
1021 1568
1021 1889
1022 202
1022 226
1022 1369
1022 1488
1022 1594
1023 60
1023 263
1023 1395
1023 1459
1023 2186
1024 294
1024 1038
1025 720
1025 749
1025 1158
1025 1803
1026 187
1026 505
1026 773
1026 1878
1027 114
1027 530
1027 794
1028 97
1028 112
1028 145
1028 1800
1028 1843
1029 827
1029 848
1029 2017
1030 674
1031 92
1032 12
1032 366
1033 71
1033 312
1033 1565
1034 579
1034 663
1035 242
1035 745
1035 1063
1036 9
1036 67
1036 101
1036 224
1036 600
1036 726
1037 426
1037 1138
1038 294
1038 1024
1039 623
1040 943
1041 80
1041 1689
1042 42
1042 125
1042 301
1043 640
1044 552
1044 1050
1044 1067
1045 93
1045 305
1045 539
1045 911
1045 1234
1045 2002
1046 1234
1046 2166
1046 2278
1047 179
1047 913
1047 1502
1049 761
1049 1008
1050 43
1050 539
1050 708
1050 1044
1050 1628
1051 622
1051 1593
1051 1671
1052 113
1052 871
1052 1158
1053 37
1053 207
1054 819
1055 42
1055 2028
1056 117
1056 1003
1056 1506
1057 451
1057 1338
1058 228
1058 838
1058 1940
1059 221
1059 957
1059 1682
1059 2246
1060 459
1060 1002
1060 2298
1061 333
1061 1603
1062 394
1063 935
1063 1035
1063 2268
1065 52
1065 163
1065 761
1065 842
1066 65
1066 739
1066 929
1066 1306
1067 501
1067 1044
1068 388
1068 765
1068 1467
1068 2199
1069 15
1069 133
1069 752
1069 1912
1070 31
1070 34
1070 128
1071 892
1071 1715
1071 2159
1072 647
1072 1999
1073 36
1073 192
1073 1916
1073 2259
1074 998
1075 308
1075 570
1075 581
1075 2201
1076 996
1076 1394
1077 600
1077 726
1077 1161
1078 560
1078 825
1078 1156
1079 767
1079 1162
1079 1448
1079 1536
1080 36
1080 79
1080 105
1080 550
1080 697
1080 736
1080 996
1080 1184
1080 1850
1081 306
1081 1577
1081 1750
1082 324
1082 1331
1082 2218
1083 882
1084 336
1084 665
1084 997
1084 1371
1085 20
1085 42
1085 250
1085 351
1085 1771
1086 35
1086 111
1086 1118
1087 621
1087 1165
1087 1330
1088 849
1088 1672
1088 1864
1089 2
1089 4
1089 383
1090 91
1090 419
1090 1176
1091 424
1091 1626
1092 775
1092 2241
1093 165
1093 502
1093 1142
1093 2260
1094 99
1095 986
1095 1174
1095 1441
1096 10
1096 223
1096 870
1096 1159
1097 1018
1098 419
1098 611
1098 1731
1098 2184
1099 852
1099 1188
1100 3
1100 52
1100 66
1100 369
1100 1259
1100 1341
1100 1630
1101 99
1101 889
1102 1768
1103 353
1103 639
1103 759
1104 484
1104 938
1104 1246
1104 1840
1104 1970
1104 2004
1105 474
1105 1296
1105 1378
1105 1578
1106 138
1106 362
1106 1312
1106 2106
1107 730
1107 1123
1108 33
1108 92
1108 123
1108 564
1108 974
1108 1748
1109 350
1110 236
1110 320
1110 867
1110 964
1110 1278
1112 109
1114 417
1114 1584
1114 1883
1114 2209
1115 320
1115 964
1115 1372
1115 1719
1116 999
1116 1349
1117 1746
1118 10
1118 35
1118 1086
1118 1457
1118 1475
1119 287
1119 601
1119 1564
1120 1691
1120 1715
1120 1812
1121 7
1121 66
1121 68
1121 324
1121 368
1121 685
1122 748
1122 1415
1122 1481
1122 2070
1123 1107
1124 108
1124 249
1124 2167
1124 2274
1125 287
1125 401
1126 490
1126 522
1126 587
1126 905
1127 164
1127 350
1127 766
1127 1279
1128 628
1128 721
1128 1182
1128 1569
1129 700
1129 2193
1130 829
1131 1229
1131 1780
1132 19
1132 87
1132 128
1133 581
1133 1348
1133 1623
1134 1186
1134 1294
1135 99
1135 842
1135 1599
1136 19
1136 125
1136 1256
1137 672
1137 828
1137 1423
1138 129
1138 1037
1139 382
1139 1607
1139 1854
1140 353
1140 639
1141 292
1141 424
1141 1345
1141 1835
1142 80
1142 195
1142 1093
1142 1729
1142 2145
1142 2187
1143 202
1143 240
1143 720
1143 1774
1143 2143
1144 12
1144 472
1144 645
1145 1316
1145 1855
1146 130
1146 163
1147 9
1147 10
1147 1535
1147 1611
1147 1699
1147 1755
1148 77
1148 663
1149 254
1149 998
1149 1821
1151 968
1152 634
1152 1704
1153 243
1153 1518
1153 1560
1154 39
1154 423
1154 1654
1154 1765
1155 795
1155 1008
1156 1078
1156 1281
1157 87
1158 1025
1158 1052
1159 1096
1160 448
1160 1783
1161 224
1161 308
1161 600
1161 726
1161 1077
1162 532
1162 744
1162 844
1162 1079
1162 1441
1163 21
1163 1447
1163 1847
1164 310
1164 941
1165 621
1165 1087
1166 130
1166 372
1166 763
1166 1207
1166 1289
1166 1628
1166 1809
1167 465
1167 673
1167 1420
1168 565
1168 1827
1169 121
1169 1939
1170 7
1170 20
1170 273
1170 647
1170 1174
1170 1310
1170 1999
1171 393
1172 9
1172 10
1172 223
1172 1209
1172 1228
1172 2213
1173 67
1173 1305
1173 2087
1174 1095
1174 1170
1174 1246
1174 1490
1174 1927
1175 80
1175 1649
1176 122
1176 1090
1176 1242
1176 1272
1176 2257
1177 776
1177 922
1178 174
1178 2097
1179 247
1179 940
1180 169
1180 740
1181 89
1181 1953
1182 1128
1182 1412
1182 1559
1182 1743
1183 302
1183 1514
1184 12
1184 39
1184 105
1184 228
1184 993
1184 1080
1184 1897
1184 1979
1185 578
1185 856
1185 2059
1186 657
1186 1134
1186 1294
1187 275
1187 854
1188 177
1188 1099
1188 1409
1189 521
1190 76
1190 701
1190 1266
1191 445
1191 536
1192 217
1192 999
1192 1832
1193 118
1194 610
1194 656
1195 115
1195 886
1195 957
1195 2123
1196 809
1197 173
1197 469
1197 882
1197 1330
1198 668
1198 1885
1199 114
1199 376
1200 573
1201 158
1201 508
1201 731
1202 32
1202 154
1202 513
1202 1304
1203 1284
1205 16
1205 18
1205 671
1206 323
1206 1701
1206 2023
1207 1017
1207 1166
1207 1628
1208 875
1209 456
1209 801
1209 1172
1210 199
1210 1302
1210 1913
1211 452
1211 2282
1212 355
1213 1
1213 10
1213 547
1213 785
1214 492
1214 1427
1214 1759
1214 2078
1215 641
1215 1003
1215 1454
1216 916
1217 84
1218 182
1218 1617
1219 45
1219 88
1219 375
1219 654
1219 673
1219 834
1219 986
1219 1531
1220 589
1221 909
1221 1592
1221 1882
1222 731
1222 1499
1222 2017
1223 756
1223 1368
1223 1389
1223 1423
1223 1550
1223 2160
1223 2222
1224 26
1224 1902
1225 616
1225 909
1226 1928
1227 375
1227 805
1227 904
1227 1740
1228 10
1228 223
1228 936
1228 1172
1228 1597
1228 2213
1229 1131
1229 1948
1230 423
1230 468
1230 1757
1230 1795
1230 2188
1232 1535
1233 756
1234 1045
1234 1046
1234 2166
1234 2278
1235 103
1235 321
1236 39
1236 247
1236 478
1236 534
1236 553
1236 686
1236 1377
1236 1797
1236 2121
1237 318
1238 36
1238 122
1238 823
1238 1599
1238 1870
1239 995
1240 873
1240 1833
1240 1945
1240 1960
1241 853
1241 1604
1242 1176
1242 2257
1243 82
1243 1379
1243 2124
1244 387
1244 416
1244 834
1244 1531
1245 958
1245 1358
1245 1710
1246 1104
1246 1174
1247 838
1247 884
1247 1255
1247 1548
1248 526
1248 969
1249 168
1249 804
1249 2171
1250 198
1250 460
1250 1021
1250 1568
1251 218
1251 1527
1252 93
1252 621
1253 738
1253 1480
1253 1717
1253 1858
1254 12
1254 391
1254 691
1254 2257
1255 1247
1255 1548
1256 523
1256 1136
1256 1516
1256 2172
1257 167
1258 695
1258 1486
1258 1739
1259 917
1259 1100
1259 1265
1260 880
1261 529
1261 948
1261 1500
1262 272
1263 33
1263 45
1263 60
1263 65
1263 110
1263 977
1264 264
1264 850
1264 1340
1264 1547
1265 1259
1266 76
1266 151
1266 735
1266 1190
1267 598
1267 704
1268 125
1268 795
1269 288
1270 9
1270 67
1270 967
1271 757
1271 759
1271 826
1271 830
1271 899
1271 2231
1272 255
1272 1176
1273 458
1273 798
1273 1619
1273 2112
1274 364
1274 2083
1275 726
1275 787
1275 1340
1276 24
1276 25
1276 253
1276 1280
1276 1298
1276 1411
1276 1525
1277 102
1277 238
1277 323
1277 743
1277 1009
1277 1857
1278 279
1278 454
1278 1110
1278 2133
1279 1127
1280 25
1280 269
1280 558
1280 1276
1280 1411
1280 1558
1281 1156
1282 659
1282 704
1283 243
1283 1570
1284 677
1284 1203
1285 459
1286 87
1286 540
1286 1819
1287 51
1287 713
1287 1534
1288 879
1288 904
1288 966
1288 1325
1288 2010
1289 1166
1290 192
1290 1531
1290 2196
1291 397
1291 1624
1292 270
1292 859
1292 2103
1293 149
1293 213
1293 1904
1293 2261
1293 2288
1294 657
1294 784
1294 1134
1294 1186
1294 1432
1295 1018
1295 1335
1295 1464
1295 2175
1296 570
1296 701
1296 1105
1296 1355
1297 32
1297 40
1297 1914
1298 1276
1298 2149
1299 22
1299 71
1299 499
1300 719
1300 1417
1300 1781
1301 150
1301 271
1301 1507
1302 90
1302 246
1302 1210
1303 353
1303 1687
1304 1202
1305 36
1305 262
1305 267
1305 280
1305 345
1305 437
1305 1021
1305 1173
1306 159
1306 739
1306 1066
1306 1590
1307 288
1307 331
1307 1014
1308 99
1308 229
1308 503
1309 837
1309 1461
1310 377
1310 1170
1310 1961
1310 2265
1311 256
1311 1784
1312 493
1312 1106
1312 1412
1312 1720
1313 381
1313 446
1313 624
1313 1352
1313 1547
1313 1700
1314 97
1314 112
1314 245
1314 1346
1315 33
1315 566
1315 1844
1316 925
1316 1145
1317 129
1317 1336
1318 173
1318 233
1318 614
1318 1521
1318 2057
1319 153
1319 2170
1320 630
1320 838
1321 330
1322 107
1323 12
1323 724
1323 860
1323 864
1323 1699
1324 3
1324 16
1324 93
1324 149
1324 189
1324 294
1324 313
1324 424
1324 1814
1324 1922
1325 1288
1326 561
1326 592
1326 714
1326 937
1327 1380
1328 323
1329 54
1329 188
1329 254
1329 356
1329 418
1329 490
1329 1413
1330 0
1330 1
1330 9
1330 127
1330 173
1330 469
1330 882
1330 1087
1330 1197
1331 1082
1331 1795
1332 227
1332 932
1333 200
1333 763
1333 1349
1334 64
1334 276
1334 746
1335 1295
1335 1428
1335 1464
1336 154
1336 1317
1337 309
1337 884
1338 321
1338 1057
1338 2200
1339 90
1339 375
1339 573
1339 610
1340 264
1340 1264
1340 1275
1341 7
1341 66
1341 369
1341 1100
1341 1522
1342 105
1342 138
1342 2248
1343 217
1345 796
1345 1141
1346 909
1346 1314
1347 417
1347 1512
1348 1133
1349 1116
1349 1333
1349 1544
1350 654
1350 925
1350 1738
1350 1933
1350 2163
1351 800
1351 1758
1352 1313
1352 1547
1353 600
1353 2139
1354 1710
1355 291
1355 1296
1355 1402
1355 1469
1356 887
1356 1855
1357 401
1358 333
1358 1245
1359 993
1360 732
1361 45
1361 200
1361 252
1361 1966
1362 313
1362 1859
1362 2090
1363 1014
1363 1725
1363 1827
1364 946
1365 207
1365 585
1366 300
1366 769
1366 906
1366 1434
1367 76
1367 148
1367 261
1367 327
1367 775
1367 2245
1368 411
1368 1223
1369 61
1369 517
1369 1022
1369 1594
1369 1776
1370 806
1371 1084
1371 1822
1372 67
1372 1115
1373 430
1373 920
1373 1753
1374 189
1374 503
1374 1442
1375 77
1375 141
1375 716
1375 722
1375 2297
1376 97
1377 20
1377 39
1377 247
1377 478
1377 686
1377 1236
1378 474
1378 895
1378 947
1378 1105
1379 82
1379 1243
1379 1873
1380 414
1380 1327
1380 1744
1382 472
1382 1706
1382 2193
1383 55
1383 254
1383 336
1383 1451
1384 794
1384 955
1384 1014
1384 1576
1385 241
1385 270
1385 459
1385 654
1385 673
1385 1420
1385 1526
1385 1696
1385 2227
1386 269
1386 1669
1386 1990
1387 374
1387 2259
1388 110
1388 148
1389 232
1389 1223
1389 1957
1389 2222
1390 719
1390 916
1391 33
1391 825
1392 0
1392 325
1392 456
1392 466
1392 880
1393 99
1393 794
1393 1826
1393 2166
1393 2174
1394 1076
1395 1023
1396 58
1396 530
1396 675
1396 1777
1396 1929
1397 84
1397 579
1398 464
1398 619
1398 661
1400 568
1400 908
1401 1020
1401 1440
1402 375
1402 1355
1402 1810
1402 1977
1403 270
1403 615
1404 160
1405 30
1405 176
1405 293
1406 449
1407 228
1407 425
1408 1894
1408 1917
1408 2204
1409 1188
1410 0
1410 271
1410 362
1410 427
1410 1519
1411 950
1411 1276
1411 1280
1411 2025
1412 1182
1412 1312
1412 1529
1413 453
1413 1329
1413 1643
1414 552
1414 1500
1415 748
1415 797
1415 1122
1415 1637
1416 2
1416 8
1416 117
1416 153
1416 1967
1416 2061
1417 1300
1417 1915
1417 2094
1418 474
1418 830
1418 2119
1418 2205
1419 163
1419 164
1419 749
1419 764
1419 2015
1419 2199
1420 350
1420 556
1420 659
1420 673
1420 1167
1420 1385
1420 1526
1421 158
1421 187
1421 1805
1422 0
1422 76
1422 135
1422 1674
1423 1137
1423 1223
1423 1504
1423 1743
1424 264
1424 382
1424 456
1424 552
1424 1924
1425 1974
1425 2100
1427 903
1427 1214
1427 1635
1428 1335
1428 1464
1429 838
1429 891
1429 1702
1429 2091
1430 638
1430 961
1431 39
1431 154
1431 2111
1431 2258
1432 1294
1433 4
1433 16
1433 1893
1434 1366
1435 419
1436 860
1437 79
1437 996
1437 1943
1438 188
1438 254
1438 462
1439 92
1439 994
1439 2208
1440 368
1440 1020
1440 1401
1440 2034
1441 986
1441 1095
1441 1162
1442 99
1442 189
1442 503
1442 582
1442 705
1442 1374
1442 1502
1443 742
1443 787
1443 895
1443 947
1444 31
1444 191
1445 362
1445 921
1446 835
1446 849
1447 953
1447 1163
1448 77
1448 1079
1449 100
1449 527
1450 60
1450 2231
1451 8
1451 847
1451 1383
1451 2053
1451 2242
1452 1516
1453 16
1454 641
1454 1003
1454 1215
1455 961
1456 2219
1457 592
1457 1118
1458 1928
1459 1023
1459 2186
1460 2
1461 322
1461 1309
1461 1555
1461 2105
1462 217
1462 231
1463 215
1464 0
1464 1
1464 134
1464 362
1464 464
1464 619
1464 1295
1464 1335
1464 1428
1465 601
1466 479
1467 90
1467 1068
1467 1887
1468 763
1468 1476
1469 24
1469 242
1469 605
1469 832
1469 1355
1469 1632
1469 1753
1470 57
1470 247
1470 253
1470 478
1470 561
1471 1008
1472 765
1472 1557
1473 24
1473 199
1473 887
1473 1734
1473 2041
1473 2287
1474 194
1474 824
1475 10
1475 907
1475 1118
1475 1670
1475 1862
1476 28
1476 1468
1478 108
1479 392
1479 435
1479 975
1480 91
1480 1253
1480 1717
1480 1787
1480 2268
1481 1122
1482 720
1482 1493
1483 55
1483 244
1483 276
1483 336
1483 1505
1483 2040
1484 272
1484 282
1484 2151
1485 612
1485 1770
1486 1258
1486 2088
1487 881
1487 1492
1488 522
1488 1022
1489 2126
1490 1174
1490 1947
1491 113
1491 120
1492 881
1492 1487
1493 359
1493 1482
1494 209
1494 1557
1494 2286
1495 38
1495 526
1495 1625
1496 119
1497 840
1497 2020
1498 552
1498 696
1499 180
1499 318
1499 1222
1499 1863
1500 453
1500 529
1500 1261
1500 1414
1501 125
1501 1736
1502 1047
1502 1442
1503 553
1504 176
1504 522
1504 587
1504 1423
1504 1733
1505 579
1505 1483
1505 1739
1505 2040
1506 398
1506 1056
1507 43
1507 1301
1508 433
1509 175
1509 231
1509 1797
1510 0
1510 495
1510 2117
1511 470
1512 621
1512 1347
1513 778
1513 799
1513 2083
1514 359
1514 1183
1514 1537
1515 2280
1516 1256
1516 1452
1516 2172
1516 2245
1517 322
1517 469
1518 1153
1518 1560
1518 1882
1519 97
1519 245
1519 1410
1519 2027
1519 2167
1520 305
1521 9
1521 173
1521 193
1521 614
1521 978
1521 1318
1522 1341
1522 2025
1523 873
1523 1685
1524 321
1524 2130
1525 1276
1525 1549
1525 1666
1525 1831
1526 543
1526 1385
1526 1420
1526 1706
1526 2227
1527 429
1527 1251
1528 747
1528 1888
1529 95
1529 1412
1530 401
1530 723
1531 192
1531 387
1531 416
1531 420
1531 500
1531 834
1531 1219
1531 1244
1531 1290
1531 2149
1532 67
1532 101
1532 224
1532 1726
1532 1853
1532 2044
1533 270
1533 2194
1534 1287
1535 1147
1535 1232
1536 866
1536 1079
1537 1514
1537 1681
1537 1829
1538 965
1539 201
1539 2204
1540 122
1540 1716
1541 670
1541 1962
1544 1349
1544 1782
1545 56
1545 99
1545 200
1545 252
1545 978
1545 1586
1545 1689
1546 512
1546 841
1546 866
1547 1264
1547 1313
1547 1352
1548 250
1548 1247
1548 1255
1549 1525
1550 1223
1550 1627
1550 2160
1551 801
1551 1730
1552 11
1552 1931
1552 2018
1553 553
1553 731
1554 102
1554 345
1555 1461
1555 2105
1555 2156
1556 204
1556 2210
1557 209
1557 1472
1557 1494
1557 1950
1558 1280
1559 42
1559 780
1559 804
1559 1182
1559 1743
1560 5
1560 6
1560 77
1560 141
1560 1153
1560 1518
1560 1787
1561 859
1561 894
1563 3
1563 802
1563 2197
1564 1119
1564 1921
1564 2196
1565 1033
1567 197
1567 216
1567 909
1567 2247
1568 1021
1568 1250
1569 843
1569 1128
1569 2192
1570 913
1570 1283
1570 1951
1571 258
1571 485
1571 1592
1571 1882
1572 225
1572 1791
1572 2042
1572 2067
1572 2134
1573 7
1573 16
1573 48
1573 79
1573 83
1573 212
1573 297
1573 1968
1574 646
1574 1957
1574 2114
1575 46
1575 139
1575 849
1576 206
1576 794
1576 955
1576 1014
1576 1384
1576 1742
1576 1884
1577 1081
1578 519
1578 586
1578 1105
1579 234
1579 1964
1580 336
1580 2198
1582 28
1582 238
1583 540
1583 1646
1584 962
1584 1114
1585 85
1585 398
1585 613
1586 1545
1587 218
1587 674
1588 1891
1589 552
1590 687
1590 1306
1590 1809
1591 436
1591 718
1591 920
1591 1920
1592 258
1592 909
1592 1221
1592 1571
1592 1882
1593 276
1593 1051
1593 2288
1594 1022
1594 1369
1594 1776
1594 1937
1595 20
1595 164
1595 299
1595 1771
1596 2007
1597 520
1597 1228
1598 16
1598 48
1598 164
1598 187
1599 1135
1599 1238
1599 1870
1600 110
1600 304
1601 233
1601 2048
1602 366
1602 1877
1603 258
1603 1061
1604 209
1604 463
1604 1241
1605 19
1605 31
1605 125
1605 549
1605 1952
1606 104
1606 818
1607 866
1607 1139
1608 168
1609 677
1609 2177
1610 175
1610 369
1610 984
1611 1147
1611 1786
1612 1737
1612 1913
1613 891
1613 1856
1614 99
1614 475
1615 106
1615 283
1615 1760
1615 1763
1616 683
1616 945
1617 182
1617 1218
1618 39
1619 1273
1619 2112
1620 218
1620 1006
1620 1745
1621 2070
1622 583
1622 658
1622 2033
1623 1133
1623 1802
1624 79
1624 1291
1625 94
1625 526
1625 833
1625 1495
1625 1821
1625 1930
1626 22
1626 1091
1627 289
1627 938
1627 1550
1627 1676
1628 619
1628 708
1628 1017
1628 1050
1628 1166
1628 1207
1629 409
1630 52
1630 1100
1630 2256
1630 2260
1631 237
1631 1948
1632 24
1632 198
1632 222
1632 335
1632 536
1632 1469
1632 1639
1633 613
1634 755
1634 785
1635 324
1635 1427
1635 1647
1635 1808
1636 419
1637 1415
1637 1899
1638 16
1638 609
1639 506
1639 1632
1640 759
1641 414
1641 1020
1641 1965
1642 817
1643 1413
1644 253
1644 859
1644 1701
1645 68
1645 616
1645 2100
1645 2276
1646 75
1646 540
1646 738
1646 1583
1646 2277
1647 1635
1648 509
1648 2188
1649 1175
1650 61
1650 507
1651 50
1651 51
1651 560
1651 567
1651 590
1651 914
1652 354
1653 908
1653 1711
1654 1154
1655 175
1655 190
1655 617
1656 587
1656 2035
1656 2263
1657 20
1657 277
1657 606
1658 492
1658 636
1659 456
1659 1984
1661 991
1661 2122
1662 732
1663 265
1664 37
1664 110
1664 228
1664 304
1664 333
1665 604
1666 1525
1666 1723
1667 795
1668 377
1668 1792
1669 22
1669 156
1669 269
1669 558
1669 729
1669 1386
1670 26
1670 511
1670 1475
1670 1688
1670 1862
1671 1051
1672 849
1672 999
1672 1088
1673 324
1673 584
1674 1422
1675 947
1676 289
1676 746
1676 1627
1676 2183
1677 205
1678 85
1678 2045
1680 10
1680 35
1681 1537
1682 1059
1683 15
1683 544
1683 713
1683 746
1684 805
1684 1842
1684 1868
1685 375
1685 1523
1686 12
1687 2
1687 353
1687 1303
1688 277
1688 1670
1689 1041
1689 1545
1690 323
1690 722
1691 1120
1692 710
1693 444
1693 595
1693 1969
1694 81
1694 889
1694 1978
1695 515
1695 567
1696 150
1696 663
1696 1385
1697 404
1697 2153
1697 2234
1698 173
1699 724
1699 1147
1699 1323
1700 4
1700 130
1700 1313
1700 1892
1700 2075
1701 1206
1701 1644
1701 2023
1702 897
1702 1429
1703 396
1704 634
1704 760
1704 1152
1704 2031
1705 480
1706 1382
1706 1526
1706 2193
1707 325
1708 259
1708 392
1708 435
1709 282
1709 1953
1710 1245
1710 1354
1711 481
1711 908
1711 1653
1712 575
1712 765
1712 1961
1713 98
1713 737
1714 2181
1714 2185
1715 1071
1715 1120
1716 122
1716 344
1716 1540
1717 91
1717 432
1717 876
1717 1253
1717 1480
1717 1787
1717 2057
1718 383
1719 542
1719 1115
1719 1843
1720 1312
1721 511
1721 708
1721 1875
1722 208
1722 450
1723 486
1723 1666
1724 165
1724 257
1724 548
1724 807
1724 969
1725 1363
1726 67
1726 577
1726 1532
1727 238
1727 342
1727 491
1727 535
1727 1818
1728 439
1728 2001
1729 40
1729 1142
1729 2019
1730 972
1730 1551
1731 628
1731 1098
1731 2041
1731 2184
1732 462
1732 1765
1732 1767
1733 342
1733 1504
1734 109
1734 1473
1734 2041
1736 125
1736 1501
1737 1612
1738 368
1738 1350
1738 1933
1739 695
1739 1258
1739 1505
1740 904
1740 1227
1742 206
1742 406
1742 898
1742 1576
1742 1900
1743 1182
1743 1423
1743 1559
1743 2038
1744 414
1744 1380
1744 2182
1745 1006
1745 1620
1746 626
1746 1117
1746 2152
1747 181
1747 761
1748 1108
1749 76
1749 496
1750 1081
1751 1799
1751 1869
1752 248
1752 621
1752 673
1752 1955
1752 2054
1753 1373
1753 1469
1754 369
1754 984
1755 318
1755 1147
1756 63
1756 322
1757 367
1757 468
1757 691
1757 1230
1757 2177
1758 1351
1759 492
1759 559
1759 1214
1760 283
1760 1615
1761 84
1762 313
1762 666
1762 2061
1763 111
1763 447
1763 1615
1763 2194
1764 123
1764 997
1764 2105
1765 7
1765 39
1765 462
1765 1154
1765 1732
1765 1767
1766 222
1766 419
1766 1777
1766 2146
1767 12
1767 15
1767 260
1767 511
1767 1732
1767 1765
1767 1872
1768 884
1768 1102
1768 1804
1769 714
1770 1485
1770 2139
1771 20
1771 250
1771 356
1771 1085
1771 1595
1771 2022
1772 363
1772 477
1772 885
1773 722
1774 1143
1775 816
1776 809
1776 1369
1776 1594
1777 1396
1777 1766
1778 425
1779 78
1779 1000
1780 1131
1781 681
1781 1300
1782 492
1782 1544
1783 448
1783 818
1783 1160
1783 2249
1784 1311
1784 1867
1785 310
1786 112
1786 175
1786 1611
1786 1806
1787 1480
1787 1560
1787 1717
1787 1789
1788 609
1789 693
1789 834
1789 1787
1790 69
1790 655
1791 225
1791 569
1791 758
1791 1572
1792 8
1792 41
1792 318
1792 483
1792 789
1792 1668
1793 0
1793 427
1793 461
1793 513
1794 299
1794 329
1794 742
1794 895
1794 1975
1794 2013
1795 1230
1795 1331
1795 2188
1796 485
1797 247
1797 478
1797 482
1797 534
1797 686
1797 1236
1797 1509
1798 608
1798 1986
1799 1751
1800 799
1800 1028
1802 575
1802 1623
1802 2008
1803 1025
1804 884
1804 1768
1805 0
1805 7
1805 394
1805 1421
1806 112
1806 1786
1806 1886
1806 2113
1807 46
1807 139
1807 353
1807 898
1807 953
1808 1635
1808 1925
1809 763
1809 1166
1809 1590
1809 2087
1810 918
1810 1402
1811 648
1811 906
1812 1120
1813 416
1814 1324
1815 350
1815 375
1815 422
1817 33
1817 566
1817 681
1818 238
1818 916
1818 1727
1819 659
1819 1286
1820 0
1820 135
1820 240
1820 394
1820 538
1821 36
1821 254
1821 440
1821 998
1821 1149
1821 1625
1822 1371
1822 1926
1824 285
1825 690
1825 845
1826 285
1826 1393
1826 1864
1827 1168
1827 1363
1828 734
1829 117
1829 1537
1830 90
1830 610
1831 1525
1831 2012
1832 651
1832 1192
1833 1240
1834 68
1834 69
1834 115
1834 546
1834 616
1834 690
1834 845
1835 1141
1835 2129
1836 369
1836 384
1836 711
1837 192
1837 368
1838 311
1839 299
1839 659
1840 938
1840 1104
1840 2004
1841 164
1841 1941
1841 2043
1842 0
1842 1684
1843 1028
1843 1719
1844 669
1844 1315
1845 29
1845 89
1845 91
1845 222
1845 419
1846 303
1846 408
1847 1163
1847 1979
1848 22
1848 842
1848 1918
1848 2023
1849 994
1849 1906
1850 104
1850 258
1850 1080
1851 792
1851 2249
1853 1532
1854 919
1854 1139
1855 1145
1855 1356
1855 2089
1856 666
1856 1613
1857 346
1857 719
1857 1277
1858 1253
1858 2270
1859 1362
1860 212
1860 295
1861 0
1861 135
1861 150
1861 240
1861 339
1861 897
1861 2162
1862 26
1862 51
1862 264
1862 713
1862 1475
1862 1670
1863 1499
1864 1088
1864 1826
1865 189
1865 863
1866 675
1867 392
1867 1784
1868 330
1868 805
1868 1684
1869 308
1869 1751
1870 36
1870 602
1870 1238
1870 1599
1871 862
1871 886
1871 957
1872 12
1872 26
1872 260
1872 509
1872 774
1872 1767
1872 2236
1873 8
1873 20
1873 50
1873 51
1873 82
1873 1379
1873 2046
1874 345
1875 71
1875 511
1875 708
1875 1721
1876 993
1876 1898
1876 2157
1877 366
1877 1602
1878 773
1878 795
1878 1026
1878 2016
1879 67
1879 364
1881 89
1881 1935
1881 2114
1882 258
1882 1221
1882 1518
1882 1571
1882 1592
1883 417
1883 1114
1883 2121
1883 2221
1884 1576
1885 668
1885 1198
1886 584
1886 1806
1887 1467
1888 747
1888 948
1888 1528
1889 262
1889 1021
1890 632
1891 1588
1892 1700
1893 380
1893 1433
1894 552
1894 696
1894 926
1894 1408
1895 276
1896 427
1897 142
1897 400
1897 426
1897 565
1897 1184
1897 2240
1898 993
1898 1876
1898 2157
1899 1637
1900 898
1900 1742
1900 1975
1902 1224
1903 20
1903 37
1903 217
1903 398
1904 1293
1905 862
1906 994
1906 1849
1907 413
1907 551
1907 712
1908 930
1909 540
1910 745
1911 887
1911 918
1911 2220
1912 1069
1913 1210
1913 1612
1913 2079
1914 1297
1915 450
1915 1417
1916 740
1916 1073
1917 73
1917 431
1917 1408
1917 2204
1918 1002
1918 1848
1918 2138
1918 2298
1919 813
1920 1591
1921 781
1921 1564
1921 1943
1922 306
1922 1324
1923 450
1924 1424
1925 290
1925 1808
1926 210
1926 1822
1927 1174
1928 1226
1928 1458
1928 2024
1929 1396
1930 148
1930 1625
1931 1552
1932 399
1932 645
1933 582
1933 1350
1933 1738
1934 374
1934 681
1935 1881
1935 2134
1936 765
1937 1594
1938 255
1938 421
1938 880
1939 1169
1939 2065
1940 12
1940 671
1940 682
1940 1058
1941 524
1941 1841
1942 394
1942 2086
1943 1437
1943 1921
1944 559
1945 873
1945 1240
1945 1946
1945 2102
1946 1945
1946 2008
1946 2253
1947 820
1947 1490
1948 1229
1948 1631
1949 776
1949 844
1950 446
1950 1557
1951 1570
1951 2004
1952 678
1952 1605
1953 282
1953 1181
1953 1709
1953 2278
1954 78
1955 666
1955 1752
1956 410
1957 646
1957 1389
1957 1574
1959 80
1959 295
1959 915
1960 873
1960 1240
1961 1310
1961 1712
1961 2283
1962 253
1962 1541
1963 2292
1964 800
1964 1579
1964 2252
1965 607
1965 1641
1965 2038
1966 2
1966 63
1966 116
1966 252
1966 1361
1967 1416
1967 2061
1968 48
1968 83
1968 1573
1969 1693
1970 940
1970 1104
1970 2004
1971 85
1972 296
1972 777
1972 797
1973 656
1974 95
1974 1425
1975 1794
1975 1900
1976 147
1976 514
1976 2066
1977 1402
1977 2264
1978 108
1978 1694
1979 1184
1979 1847
1980 671
1981 411
1982 2
1982 54
1982 339
1983 184
1984 456
1984 968
1984 1659
1984 2176
1985 3
1985 201
1985 668
1986 164
1986 1798
1987 669
1988 738
1990 269
1990 1386
1991 676
1992 242
1993 700
1993 774
1994 0
1994 1
1994 2
1995 199
1995 974
1995 2056
1996 963
1996 2095
1997 671
1998 330
1998 718
1999 58
1999 431
1999 647
1999 1072
1999 1170
2001 439
2001 1728
2001 2168
2002 1045
2003 81
2004 940
2004 1104
2004 1840
2004 1951
2004 1970
2005 2281
2006 382
2006 993
2007 1596
2008 1802
2008 1946
2009 510
2009 1000
2010 588
2010 977
2010 1288
2011 2098
2012 1831
2013 1794
2014 236
2014 325
2015 960
2015 1419
2015 2199
2016 970
2016 1878
2017 1029
2017 1222
2018 11
2018 118
2018 1552
2019 40
2019 479
2019 1729
2020 1497
2021 555
2021 2073
2021 2214
2022 20
2022 1771
2022 2079
2023 1206
2023 1701
2023 1848
2024 1928
2025 950
2025 1411
2025 1522
2026 920
2026 2147
2027 181
2027 1519
2028 1055
2029 574
2030 462
2031 1704
2031 2216
2033 658
2033 919
2033 1622
2033 2275
2034 379
2034 1440
2035 587
2035 1656
2036 327
2036 2072
2037 19
2037 87
2037 128
2038 1743
2038 1965
2039 352
2040 579
2040 1483
2040 1505
2041 1473
2041 1731
2041 1734
2042 130
2042 1572
2043 164
2043 363
2043 1841
2044 1532
2045 1678
2046 1873
2046 2142
2047 803
2048 1601
2048 2184
2048 2224
2049 636
2050 637
2051 139
2051 806
2052 248
2052 621
2052 974
2053 8
2053 1451
2053 2164
2054 1752
2055 962
2056 484
2056 1995
2057 876
2057 1318
2057 1717
2058 549
2058 702
2059 509
2059 856
2059 1185
2060 930
2061 1416
2061 1762
2061 1967
2062 100
2062 484
2062 820
2062 924
2063 24
2063 452
2063 880
2064 803
2065 1939
2066 636
2066 1976
2067 1572
2068 141
2069 231
2070 748
2070 1122
2070 1621
2070 2272
2071 123
2071 159
2071 739
2071 883
2072 2
2072 4
2072 5
2072 512
2072 683
2072 847
2072 2036
2073 77
2073 555
2073 717
2073 2021
2074 113
2074 186
2075 1700
2076 682
2076 2262
2077 269
2077 770
2078 1214
2079 1913
2079 2022
2080 457
2080 968
2081 711
2081 764
2081 865
2082 741
2083 364
2083 1274
2083 1513
2084 440
2085 140
2085 345
2085 2158
2086 1942
2087 67
2087 1173
2087 1809
2088 1486
2089 177
2089 1855
2090 661
2090 1362
2091 898
2091 1429
2092 51
2092 590
2092 708
2093 270
2093 459
2094 1417
2095 577
2095 1996
2096 338
2097 220
2097 1178
2098 552
2098 2011
2099 343
2100 1425
2100 1645
2101 710
2102 479
2102 1945
2103 859
2103 1292
2104 412
2105 1461
2105 1555
2105 1764
2106 1106
2108 391
2109 1
2109 9
2109 50
2110 192
2110 500
2110 930
2110 2149
2111 441
2111 1431
2112 209
2112 1273
2112 1619
2113 508
2113 1806
2114 646
2114 1574
2114 1881
2116 276
2117 217
2117 495
2117 1510
2118 754
2119 1418
2120 50
2120 446
2120 2238
2121 1236
2121 1883
2121 2221
2122 565
2122 1661
2123 239
2123 1195
2124 82
2124 1243
2124 2293
2125 134
2125 221
2125 2217
2126 1489
2127 911
2128 372
2128 870
2129 320
2129 1835
2130 1524
2131 637
2131 648
2132 23
2133 279
2133 362
2133 619
2133 1278
2134 225
2134 1572
2134 1935
2135 587
2135 905
2136 27
2137 783
2138 650
2138 1918
2139 600
2139 1353
2139 1770
2140 673
2140 2161
2141 635
2142 110
2142 304
2142 2046
2143 1143
2144 576
2144 706
2145 1142
2146 5
2146 42
2146 962
2146 1766
2147 276
2147 438
2147 920
2147 2026
2148 468
2149 500
2149 1298
2149 1531
2149 2110
2150 0
2150 1
2150 3
2150 7
2150 9
2150 22
2150 67
2150 68
2150 257
2150 394
2150 446
2150 452
2150 499
2151 282
2151 716
2151 1484
2152 1746
2153 576
2153 1697
2154 19
2154 31
2154 921
2155 811
2156 286
2156 363
2156 1555
2157 993
2157 1876
2157 1898
2158 3
2158 8
2158 23
2158 140
2158 345
2158 2085
2159 1071
2160 1223
2160 1550
2161 2140
2162 897
2162 1861
2163 654
2163 1350
2164 2053
2165 172
2165 971
2166 0
2166 56
2166 99
2166 135
2166 184
2166 200
2166 206
2166 252
2166 402
2166 1046
2166 1234
2166 1393
2166 2278
2167 108
2167 245
2167 249
2167 1124
2167 1519
2168 2001
2169 312
2169 717
2170 1319
2171 661
2171 890
2171 1249
2171 2269
2172 99
2172 406
2172 1256
2172 1516
2172 2245
2173 17
2174 1393
2175 604
2175 1295
2176 1984
2177 1609
2177 1757
2178 479
2181 1714
2182 1744
2183 1676
2184 1098
2184 1731
2184 2048
2185 1714
2186 263
2186 1023
2186 1459
2187 1142
2188 509
2188 1230
2188 1648
2188 1795
2190 752
2191 910
2192 67
2192 343
2192 554
2192 1569
2192 2207
2193 1129
2193 1382
2193 1706
2194 1533
2194 1763
2195 338
2195 824
2196 1290
2196 1564
2197 1563
2198 27
2198 38
2198 1580
2199 1068
2199 1419
2199 2015
2200 1338
2201 1075
2202 929
2203 623
2203 638
2204 1408
2204 1539
2204 1917
2205 372
2205 988
2205 1418
2207 2192
2208 35
2208 1439
2209 21
2209 1114
2210 1556
2212 164
2212 519
2212 586
2212 716
2213 487
2213 1172
2213 1228
2214 2021
2215 337
2215 715
2215 2235
2216 2031
2217 104
2217 258
2217 2125
2218 99
2218 503
2218 1082
2219 674
2219 690
2219 1456
2220 1911
2221 1883
2221 2121
2222 163
2222 232
2222 761
2222 1223
2222 1389
2223 58
2223 547
2224 2048
2225 618
2225 655
2226 175
2227 1385
2227 1526
2228 862
2229 38
2229 417
2229 853
2230 275
2230 285
2230 348
2231 60
2231 121
2231 1271
2231 1450
2232 456
2233 110
2233 484
2234 1697
2235 769
2235 2215
2236 1872
2237 44
2237 243
2238 198
2238 392
2238 446
2238 2120
2239 1018
2240 1897
2241 1092
2242 695
2242 1451
2243 172
2243 729
2244 561
2245 1367
2245 1516
2245 2172
2246 8
2246 117
2246 1059
2247 216
2247 295
2247 463
2247 684
2247 1567
2248 1342
2249 1783
2249 1851
2250 0
2250 135
2250 202
2250 240
2251 252
2252 402
2252 1964
2253 619
2253 1946
2254 153
2254 742
2254 995
2254 2282
2255 636
2256 450
2256 1630
2257 1176
2257 1242
2257 1254
2258 581
2258 1431
2259 36
2259 192
2259 1073
2259 1387
2260 52
2260 1093
2260 1630
2261 658
2261 1293
2262 682
2262 2076
2263 1656
2264 82
2264 1977
2265 1310
2266 365
2266 980
2267 629
2268 1063
2268 1480
2269 2171
2270 1858
2271 678
2272 2070
2274 1124
2275 467
2275 919
2275 2033
2276 1645
2277 647
2277 1646
2278 1046
2278 1234
2278 1953
2278 2166
2279 653
2280 1515
2281 745
2281 2005
2282 153
2282 1211
2282 2254
2283 419
2283 1961
2284 151
2284 952
2286 1494
2287 1473
2288 1293
2288 1593
2289 778
2289 1007
2290 60
2290 642
2290 1007
2291 783
2292 285
2292 1963
2293 0
2293 77
2293 161
2293 188
2293 2124
2294 240
2295 1
2295 346
2297 12
2297 32
2297 170
2297 513
2297 1375
2298 1002
2298 1060
2298 1918
2299 354
2299 969
0 631
631 0
631 725
725 631
725 753
753 725
753 771
771 753
771 868
868 771
868 939
939 868
939 976
976 939
976 982
982 976
982 989
989 982
989 1048
1048 989
1048 1064
1064 1048
1064 1111
1111 1064
1111 1113
1113 1111
1113 1150
1150 1113
1150 1204
1204 1150
1204 1226
1226 1204
1226 1231
1231 1226
1231 1344
1344 1231
1344 1381
1381 1344
1381 1399
1399 1381
1399 1426
1426 1399
1426 1477
1477 1426
1477 1489
1489 1477
1489 1515
1515 1489
1515 1542
1542 1515
1542 1543
1543 1542
1543 1562
1562 1543
1562 1566
1566 1562
1566 1581
1581 1566
1581 1588
1588 1581
1588 1596
1596 1588
1596 1660
1660 1596
1660 1679
1679 1660
1679 1714
1714 1679
1714 1735
1735 1714
1735 1741
1741 1735
1741 1801
1801 1741
1801 1816
1816 1801
1816 1823
1823 1816
1823 1852
1852 1823
1852 1880
1880 1852
1880 1901
1901 1880
1901 1958
1958 1901
1958 1989
1989 1958
1989 2000
2000 1989
2000 2032
2032 2000
2032 2107
2107 2032
2107 2115
2115 2107
2115 2179
2179 2115
2179 2180
2180 2179
2180 2189
2189 2180
2189 2206
2206 2189
2206 2211
2211 2206
2211 2273
2273 2211
2273 2285
2285 2273
2285 2296
2296 2285
