230 838
0 1
0 2
0 3
0 4
0 5
0 6
0 10
0 23
0 41
0 43
0 127
0 166
0 178
0 197
1 0
1 2
1 10
1 24
1 32
1 50
1 51
1 76
1 197
2 0
2 1
2 6
2 8
2 11
2 15
2 38
2 63
2 72
2 197
3 0
3 17
3 28
3 29
3 48
3 160
3 173
3 178
3 194
4 0
4 9
4 16
4 22
4 23
4 89
4 166
5 0
5 6
5 10
5 122
6 0
6 2
6 5
6 33
6 122
6 151
7 39
7 56
8 2
8 9
8 13
8 17
8 25
8 28
8 60
8 63
8 71
8 128
8 155
8 161
8 164
9 4
9 8
9 11
9 12
9 13
9 16
9 19
9 21
9 25
9 27
9 49
9 60
9 80
9 89
9 100
9 103
9 114
9 118
10 0
10 1
10 5
10 18
10 20
10 22
10 31
10 49
10 59
10 62
10 90
10 102
10 227
11 2
11 9
11 27
11 30
11 35
11 142
11 167
11 175
11 179
11 183
11 185
11 200
12 9
12 46
13 8
13 9
13 14
13 35
13 40
13 49
13 103
13 105
13 114
13 164
14 13
14 15
14 26
14 112
14 141
14 152
14 176
15 2
15 14
15 58
15 76
15 196
15 197
15 206
16 4
16 9
16 34
16 37
16 69
16 145
17 3
17 8
17 28
17 48
17 63
17 64
17 72
17 96
17 178
18 10
18 20
18 198
18 227
19 9
19 21
19 27
19 59
19 114
19 139
19 182
20 10
20 18
20 108
21 9
21 19
21 34
21 82
21 91
21 118
21 203
21 226
22 4
22 10
22 26
22 31
22 54
22 210
23 0
23 4
23 36
23 38
23 47
23 89
23 127
23 159
23 166
23 213
24 1
24 39
24 51
24 56
24 91
24 131
24 149
25 8
25 9
25 29
25 49
25 61
25 80
25 116
26 14
26 22
26 31
26 62
26 144
27 9
27 11
27 19
27 139
27 154
27 183
27 200
28 3
28 8
28 17
28 29
28 48
28 86
28 93
28 117
28 125
28 134
29 3
29 25
29 28
29 48
29 158
30 11
30 47
30 56
30 57
30 84
30 97
31 10
31 22
31 26
31 32
31 45
31 62
31 105
31 164
32 1
32 31
32 45
32 76
32 88
32 96
32 132
32 207
33 6
33 55
33 72
33 98
33 207
34 16
34 21
34 78
34 145
35 11
35 13
35 61
35 69
35 136
35 156
35 179
35 208
36 23
36 38
36 52
36 89
36 115
37 16
37 87
37 155
38 2
38 23
38 36
38 47
38 52
38 65
38 84
39 7
39 24
39 51
39 56
39 70
39 83
40 13
40 44
40 45
40 55
40 66
40 113
41 0
41 67
41 81
41 163
42 176
43 0
43 64
43 102
43 135
43 172
44 40
44 45
44 66
44 77
44 97
44 158
44 200
45 31
45 32
45 40
45 44
45 55
45 92
45 95
45 180
45 216
46 12
47 23
47 30
47 38
47 53
47 84
47 159
47 166
48 3
48 17
48 28
48 29
48 96
48 144
48 171
49 9
49 10
49 13
49 25
49 68
49 73
49 99
49 162
50 1
50 77
51 1
51 24
51 39
51 74
51 152
52 36
52 38
52 98
52 104
52 202
52 212
53 47
53 84
53 153
53 166
53 192
54 22
54 73
54 80
54 87
54 118
54 120
54 210
55 33
55 40
55 45
55 92
55 107
56 7
56 24
56 30
56 39
56 67
56 70
56 79
57 30
57 128
58 15
58 94
58 187
59 10
59 19
59 227
60 8
60 9
60 71
60 109
61 25
61 35
62 10
62 26
62 31
62 188
63 2
63 8
63 17
63 72
63 178
64 17
64 43
64 82
64 132
64 135
64 224
64 225
65 38
65 104
65 106
66 40
66 44
66 77
66 137
67 41
67 56
67 111
68 49
69 16
69 35
69 127
69 227
70 39
70 56
70 133
71 8
71 60
71 146
72 2
72 17
72 33
72 63
72 96
73 49
73 54
73 99
73 101
73 174
74 51
76 1
76 15
76 32
76 159
76 189
76 197
76 218
77 44
77 50
77 66
77 140
77 200
78 34
78 145
78 188
79 56
79 124
80 9
80 25
80 54
80 92
80 210
81 41
82 21
82 64
82 203
82 226
83 39
83 86
83 110
83 164
84 30
84 38
84 47
84 53
84 148
85 220
86 28
86 83
86 110
86 148
87 37
87 54
87 155
88 32
88 112
89 4
89 9
89 23
89 36
89 108
90 10
90 102
90 147
90 199
91 21
91 24
91 137
91 177
92 45
92 55
92 80
92 130
92 203
93 28
93 149
94 58
94 124
95 45
95 107
95 180
95 181
96 17
96 32
96 48
96 72
97 30
97 44
97 158
97 175
98 33
98 52
98 104
98 138
98 207
98 218
99 49
99 73
99 110
99 140
100 9
100 190
101 73
102 10
102 43
102 90
102 135
102 229
103 9
103 13
103 146
103 184
103 225
104 52
104 65
104 98
104 130
105 13
105 31
105 164
106 65
107 55
107 95
108 20
108 89
108 209
109 60
109 204
110 83
110 86
110 99
110 219
111 67
111 161
112 14
112 88
113 40
114 9
114 13
114 19
114 220
115 36
116 25
117 28
117 134
117 222
118 9
118 21
118 54
119 221
120 54
120 121
120 186
121 120
121 165
122 5
122 6
123 134
124 79
124 94
124 217
125 28
127 0
127 23
127 69
128 8
128 57
128 214
129 150
130 92
130 104
130 157
131 24
131 149
131 194
132 32
132 64
133 70
134 28
134 117
134 123
135 43
135 64
135 102
135 172
135 205
136 35
137 66
137 91
138 98
138 207
138 218
139 19
139 27
140 77
140 99
140 223
141 14
141 228
142 11
144 26
144 48
144 170
145 16
145 34
145 78
146 71
146 103
147 90
148 84
148 86
148 193
149 24
149 93
149 131
150 129
151 6
152 14
152 51
153 53
154 27
155 8
155 37
155 87
156 35
156 179
157 130
158 29
158 44
158 97
159 23
159 47
159 76
159 197
159 213
160 3
160 168
161 8
161 111
162 49
163 41
164 8
164 13
164 31
164 83
164 105
165 121
166 0
166 4
166 23
166 47
166 53
166 193
166 228
167 11
168 160
168 173
168 178
169 226
170 144
171 48
172 43
172 135
172 189
173 3
173 168
173 178
174 73
174 213
175 11
175 97
175 199
176 14
176 42
176 190
177 91
178 0
178 3
178 17
178 63
178 168
178 173
179 11
179 35
179 156
180 45
180 95
181 95
181 186
182 19
183 11
183 27
183 196
183 210
184 103
184 216
185 11
185 201
186 120
186 181
187 58
188 62
188 78
189 76
189 172
189 197
190 100
190 176
192 53
193 148
193 166
194 3
194 131
196 15
196 183
197 0
197 1
197 2
197 15
197 76
197 159
197 189
198 18
199 90
199 175
200 11
200 27
200 44
200 77
201 185
202 52
202 212
203 21
203 82
203 92
204 109
205 135
206 15
207 32
207 33
207 98
207 138
208 35
209 108
210 22
210 54
210 80
210 183
212 52
212 202
213 23
213 159
213 174
214 128
216 45
216 184
217 124
218 76
218 98
218 138
219 110
220 85
220 114
221 119
221 223
222 117
223 140
223 221
224 64
225 64
225 103
226 21
226 82
226 169
227 10
227 18
227 59
227 69
228 141
228 166
229 102
0 75
75 0
75 126
126 75
126 129
129 126
129 143
143 129
143 191
191 143
191 195
195 191
195 211
211 195
211 215
215 211
