40 218
0 1
0 7
0 18
0 22
1 0
1 5
1 6
1 15
1 17
1 20
1 22
1 23
2 5
2 9
2 11
2 15
3 14
3 15
4 12
4 13
4 18
4 19
5 1
5 2
5 7
5 22
5 24
6 1
6 7
6 17
6 22
7 0
7 5
7 6
7 10
7 21
8 11
8 16
8 17
9 2
9 10
9 15
9 20
9 23
10 7
10 9
11 2
11 8
11 14
11 21
12 4
12 17
13 4
13 15
13 23
14 3
14 11
14 21
15 1
15 2
15 3
15 9
15 13
15 17
15 21
15 23
15 24
15 35
16 8
16 22
16 27
16 29
16 31
17 1
17 6
17 8
17 12
17 15
17 18
17 19
17 23
17 27
17 31
17 34
17 35
17 36
18 0
18 4
18 17
18 19
18 20
18 23
18 24
18 33
18 37
18 38
19 4
19 17
19 18
19 20
19 22
19 31
20 1
20 9
20 18
20 19
20 23
20 24
20 29
20 30
20 32
20 33
21 7
21 11
21 14
21 15
21 22
21 23
21 28
21 29
21 33
21 34
21 37
22 0
22 1
22 5
22 6
22 16
22 19
22 21
22 24
22 27
22 33
23 1
23 9
23 13
23 15
23 17
23 18
23 20
23 21
23 27
23 36
24 5
24 15
24 18
24 20
24 22
24 27
24 30
24 33
25 27
26 37
26 39
27 16
27 17
27 22
27 23
27 24
27 25
27 28
27 30
27 32
27 33
27 36
27 38
27 39
28 21
28 27
28 29
29 16
29 20
29 21
29 28
29 31
30 20
30 24
30 27
31 16
31 17
31 19
31 29
32 20
32 27
32 34
33 18
33 20
33 21
33 22
33 24
33 27
33 39
34 17
34 21
34 32
34 35
34 39
35 15
35 17
35 34
35 38
35 39
36 17
36 23
36 27
37 18
37 21
37 26
38 18
38 27
38 35
38 39
39 26
39 27
39 33
39 34
39 35
39 38
